0.0030000       3.2050E-4      0.50000
0.0030000       3.2050E-4      0.50000
0.0030035       3.2095E-4      0.50000
0.0030058       3.2127E-4      0.50000
0.0030070       3.2144E-4      0.50000
0.0030090       3.2174E-4      0.50000
0.0030105       3.2194E-4      0.50000
0.0030114       3.2207E-4      0.50000
0.0030140       3.2237E-4      0.50000
0.0030172       3.2283E-4      0.50000
0.0030175       3.2287E-4      0.50000
0.0030179       3.2292E-4      0.50000
0.0030209       3.2333E-4      0.50000
0.0030228       3.2362E-4      0.50000
0.0030244       3.2388E-4      0.50000
0.0030271       3.2426E-4      0.50000
0.0030279       3.2438E-4      0.50000
0.0030285       3.2447E-4      0.50000
0.0030314       3.2491E-4      0.50000
0.0030341       3.2530E-4      0.50000
0.0030349       3.2544E-4      0.50000
0.0030363       3.2565E-4      0.50000
0.0030384       3.2596E-4      0.50000
0.0030397       3.2614E-4      0.50000
0.0030419       3.2648E-4      0.50000
0.0030453       3.2700E-4      0.50000
0.0030454       3.2701E-4      0.50000
0.0030456       3.2704E-4      0.50000
0.0030489       3.2757E-4      0.50000
0.0030508       3.2789E-4      0.50000
0.0030524       3.2814E-4      0.50000
0.0030550       3.2856E-4      0.50000
0.0030559       3.2869E-4      0.50000
0.0030563       3.2877E-4      0.50000
0.0030593       3.2925E-4      0.50000
0.0030618       3.2969E-4      0.50000
0.0030628       3.2987E-4      0.50000
0.0030646       3.3015E-4      0.50000
0.0030663       3.3039E-4      0.50000
0.0030674       3.3057E-4      0.50000
0.0030698       3.3098E-4      0.50000
0.0030729       3.3144E-4      0.50000
0.0030733       3.3150E-4      0.50000
0.0030740       3.3161E-4      0.50000
0.0030768       3.3212E-4      0.50000
0.0030783       3.3239E-4      0.50000
0.0030803       3.3274E-4      0.50000
0.0030838       3.3333E-4      0.50000
0.0030838       3.3333E-4      0.50000
0.0030838       3.3333E-4      0.50000
0.0030873       3.3392E-4      0.50000
0.0030892       3.3427E-4      0.50000
0.0030908       3.3454E-4      0.50000
0.0030936       3.3507E-4      0.50000
0.0030943       3.3518E-4      0.50000
0.0030946       3.3525E-4      0.50000
0.0030978       3.3573E-4      0.50000
0.0031001       3.3616E-4      0.50000
0.0031012       3.3636E-4      0.50000
0.0031031       3.3664E-4      0.50000
0.0031047       3.3691E-4      0.50000
0.0031056       3.3707E-4      0.50000
0.0031082       3.3758E-4      0.50000
0.0031108       3.3804E-4      0.50000
0.0031117       3.3821E-4      0.50000
0.0031137       3.3854E-4      0.50000
0.0031153       3.3882E-4      0.50000
0.0031160       3.3896E-4      0.50000
0.0031187       3.3944E-4      0.50000
0.0031210       3.3986E-4      0.50000
0.0031221       3.4007E-4      0.50000
0.0031248       3.4058E-4      0.50000
0.0031255       3.4072E-4      0.50000
0.0031259       3.4078E-4      0.50000
0.0031289       3.4127E-4      0.50000
0.0031310       3.4166E-4      0.50000
0.0031323       3.4190E-4      0.50000
0.0031350       3.4233E-4      0.50000
0.0031357       3.4245E-4      0.50000
0.0031361       3.4252E-4      0.50000
0.0031391       3.4311E-4      0.50000
0.0031410       3.4348E-4      0.50000
0.0031424       3.4374E-4      0.50000
0.0031452       3.4424E-4      0.50000
0.0031458       3.4434E-4      0.50000
0.0031461       3.4440E-4      0.50000
0.0031493       3.4499E-4      0.50000
0.0031519       3.4548E-4      0.50000
0.0031529       3.4566E-4      0.50000
0.0031544       3.4597E-4      0.50000
0.0031564       3.4633E-4      0.50000
0.0031573       3.4650E-4      0.50000
0.0031595       3.4684E-4      0.50000
0.0031614       3.4720E-4      0.50000
0.0031630       3.4750E-4      0.50000
0.0031654       3.4794E-4      0.50000
0.0031677       3.4834E-4      0.50000
0.0031689       3.4857E-4      0.50000
0.0031715       3.4908E-4      0.50000
0.0031718       3.4914E-4      0.50000
0.0031733       3.4942E-4      0.50000
0.0031754       3.4981E-4      0.50000
0.0031759       3.4990E-4      0.50000
0.0031791       3.5047E-4      0.50000
0.0031804       3.5071E-4      0.50000
0.0031827       3.5112E-4      0.50000
0.0031849       3.5152E-4      0.50000
0.0031864       3.5177E-4      0.50000
0.0031894       3.5231E-4      0.50000
0.0031901       3.5244E-4      0.50000
0.0031937       3.5308E-4      0.50000
0.0031938       3.5311E-4      0.50000
0.0031938       3.5311E-4      0.50000
0.0031976       3.5377E-4      0.50000
0.0031984       3.5391E-4      0.50000
0.0032013       3.5443E-4      0.50000
0.0032029       3.5469E-4      0.50000
0.0032051       3.5507E-4      0.50000
0.0032076       3.5551E-4      0.50000
0.0032090       3.5574E-4      0.50000
0.0032124       3.5633E-4      0.50000
0.0032128       3.5640E-4      0.50000
0.0032145       3.5668E-4      0.50000
0.0032167       3.5706E-4      0.50000
0.0032173       3.5716E-4      0.50000
0.0032206       3.5778E-4      0.50000
0.0032224       3.5807E-4      0.50000
0.0032246       3.5843E-4      0.50000
0.0032280       3.5905E-4      0.50000
0.0032286       3.5914E-4      0.50000
0.0032306       3.5949E-4      0.50000
0.0032326       3.5980E-4      0.50000
0.0032330       3.5987E-4      0.50000
0.0032366       3.6044E-4      0.50000
0.0032379       3.6065E-4      0.50000
0.0032404       3.6106E-4      0.50000
0.0032426       3.6140E-4      0.50000
0.0032443       3.6164E-4      0.50000
0.0032469       3.6206E-4      0.50000
0.0032481       3.6226E-4      0.50000
0.0032487       3.6233E-4      0.50000
0.0032519       3.6284E-4      0.50000
0.0032538       3.6313E-4      0.50000
0.0032564       3.6351E-4      0.50000
0.0032591       3.6390E-4      0.50000
0.0032612       3.6422E-4      0.50000
0.0032643       3.6467E-4      0.50000
0.0032660       3.6492E-4      0.50000
0.0032690       3.6534E-4      0.50000
0.0032702       3.6552E-4      0.50000
0.0032723       3.6585E-4      0.50000
0.0032747       3.6618E-4      0.50000
0.0032757       3.6633E-4      0.50000
0.0032788       3.6676E-4      0.50000
0.0032791       3.6680E-4      0.50000
0.0032793       3.6683E-4      0.50000
0.0032824       3.6726E-4      0.50000
0.0032843       3.6750E-4      0.50000
0.0032857       3.6768E-4      0.50000
0.0032882       3.6798E-4      0.50000
0.0032890       3.6809E-4      0.50000
0.0032894       3.6814E-4      0.50000
0.0032931       3.6867E-4      0.50000
0.0032944       3.6882E-4      0.50000
0.0032973       3.6918E-4      0.50000
0.0032981       3.6929E-4      0.50000
0.0033014       3.6970E-4      0.50000
0.0033021       3.6979E-4      0.50000
0.0033055       3.7020E-4      0.50000
0.0033076       3.7044E-4      0.50000
0.0033090       3.7060E-4      0.50000
0.0033108       3.7085E-4      0.50000
0.0033120       3.7101E-4      0.50000
0.0033140       3.7122E-4      0.50000
0.0033159       3.7139E-4      0.50000
0.0033170       3.7152E-4      0.50000
0.0033199       3.7184E-4      0.50000
0.0033224       3.7208E-4      0.50000
0.0033241       3.7226E-4      0.50000
0.0033265       3.7250E-4      0.50000
0.0033281       3.7267E-4      0.50000
0.0033297       3.7283E-4      0.50000
0.0033321       3.7307E-4      0.50000
0.0033343       3.7328E-4      0.50000
0.0033360       3.7343E-4      0.50000
0.0033370       3.7352E-4      0.50000
0.0033401       3.7380E-4      0.50000
0.0033417       3.7394E-4      0.50000
0.0033444       3.7417E-4      0.50000
0.0033463       3.7433E-4      0.50000
0.0033486       3.7451E-4      0.50000
0.0033517       3.7475E-4      0.50000
0.0033520       3.7477E-4      0.50000
0.0033522       3.7478E-4      0.50000
0.0033550       3.7499E-4      0.50000
0.0033573       3.7510E-4      0.50000
0.0033580       3.7514E-4      0.50000
0.0033590       3.7521E-4      0.50000
0.0033624       3.7549E-4      0.50000
0.0033662       3.7572E-4      0.50000
0.0033668       3.7576E-4      0.50000
0.0033677       3.7580E-4      0.50000
0.0033709       3.7598E-4      0.50000
0.0033725       3.7606E-4      0.50000
0.0033749       3.7618E-4      0.50000
0.0033766       3.7626E-4      0.50000
0.0033791       3.7637E-4      0.50000
0.0033807       3.7642E-4      0.50000
0.0033833       3.7652E-4      0.50000
0.0033851       3.7658E-4      0.50000
0.0033865       3.7663E-4      0.50000
0.0033878       3.7667E-4      0.50000
0.0033893       3.7670E-4      0.50000
0.0033909       3.7671E-4      0.50000
0.0033921       3.7675E-4      0.50000
0.0033952       3.7680E-4      0.50000
0.0033959       3.7682E-4      0.50000
0.0033961       3.7682E-4      0.50000
0.0033997       3.7689E-4      0.50000
0.0034012       3.7692E-4      0.50000
0.0034041       3.7693E-4      0.50000
0.0034065       3.7695E-4      0.50000
0.0034080       3.7697E-4      0.50000
0.0034115       3.7696E-4      0.50000
0.0034118       3.7696E-4      0.50000
0.0034126       3.7695E-4      0.50000
0.0034156       3.7693E-4      0.50000
0.0034166       3.7692E-4      0.50000
0.0034190       3.7690E-4      0.50000
0.0034215       3.7687E-4      0.50000
0.0034223       3.7686E-4      0.50000
0.0034239       3.7684E-4      0.50000
0.0034256       3.7679E-4      0.50000
0.0034264       3.7677E-4      0.50000
0.0034290       3.7665E-4      0.50000
0.0034311       3.7659E-4      0.50000
0.0034325       3.7655E-4      0.50000
0.0034356       3.7637E-4      0.50000
0.0034359       3.7636E-4      0.50000
0.0034360       3.7635E-4      0.50000
0.0034395       3.7622E-4      0.50000
0.0034406       3.7617E-4      0.50000
0.0034431       3.7605E-4      0.50000
0.0034452       3.7594E-4      0.50000
0.0034468       3.7585E-4      0.50000
0.0034498       3.7567E-4      0.50000
0.0034505       3.7562E-4      0.50000
0.0034540       3.7538E-4      0.50000
0.0034542       3.7537E-4      0.50000
0.0034543       3.7536E-4      0.50000
0.0034579       3.7510E-4      0.50000
0.0034588       3.7502E-4      0.50000
0.0034616       3.7481E-4      0.50000
0.0034633       3.7467E-4      0.50000
0.0034653       3.7450E-4      0.50000
0.0034678       3.7429E-4      0.50000
0.0034690       3.7418E-4      0.50000
0.0034722       3.7386E-4      0.50000
0.0034725       3.7383E-4      0.50000
0.0034742       3.7366E-4      0.50000
0.0034762       3.7345E-4      0.50000
0.0034766       3.7340E-4      0.50000
0.0034798       3.7305E-4      0.50000
0.0034810       3.7291E-4      0.50000
0.0034834       3.7262E-4      0.50000
0.0034853       3.7239E-4      0.50000
0.0034870       3.7219E-4      0.50000
0.0034897       3.7183E-4      0.50000
0.0034906       3.7171E-4      0.50000
0.0034940       3.7125E-4      0.50000
0.0034942       3.7124E-4      0.50000
0.0034948       3.7114E-4      0.50000
0.0034977       3.7075E-4      0.50000
0.0034983       3.7068E-4      0.50000
0.0035013       3.7023E-4      0.50000
0.0035026       3.7004E-4      0.50000
0.0035049       3.6971E-4      0.50000
0.0035068       3.6942E-4      0.50000
0.0035084       3.6918E-4      0.50000
0.0035110       3.6876E-4      0.50000
0.0035120       3.6861E-4      0.50000
0.0035152       3.6807E-4      0.50000
0.0035155       3.6802E-4      0.50000
0.0035172       3.6774E-4      0.50000
0.0035191       3.6741E-4      0.50000
0.0035194       3.6735E-4      0.50000
0.0035226       3.6679E-4      0.50000
0.0035236       3.6662E-4      0.50000
0.0035262       3.6615E-4      0.50000
0.0035277       3.6587E-4      0.50000
0.0035297       3.6550E-4      0.50000
0.0035319       3.6510E-4      0.50000
0.0035333       3.6483E-4      0.50000
0.0035359       3.6431E-4      0.50000
0.0035368       3.6414E-4      0.50000
0.0035400       3.6351E-4      0.50000
0.0035404       3.6343E-4      0.50000
0.0035433       3.6285E-4      0.50000
0.0035440       3.6271E-4      0.50000
0.0035441       3.6269E-4      0.50000
0.0035474       3.6195E-4      0.50000
0.0035480       3.6184E-4      0.50000
0.0035510       3.6119E-4      0.50000
0.0035519       3.6099E-4      0.50000
0.0035546       3.6041E-4      0.50000
0.0035559       3.6012E-4      0.50000
0.0035581       3.5961E-4      0.50000
0.0035597       3.5925E-4      0.50000
0.0035617       3.5880E-4      0.50000
0.0035636       3.5835E-4      0.50000
0.0035653       3.5796E-4      0.50000
0.0035675       3.5746E-4      0.50000
0.0035689       3.5712E-4      0.50000
0.0035712       3.5657E-4      0.50000
0.0035725       3.5627E-4      0.50000
0.0035750       3.5567E-4      0.50000
0.0035762       3.5539E-4      0.50000
0.0035787       3.5477E-4      0.50000
0.0035798       3.5450E-4      0.50000
0.0035824       3.5388E-4      0.50000
0.0035835       3.5360E-4      0.50000
0.0035861       3.5298E-4      0.50000
0.0035873       3.5266E-4      0.50000
0.0035897       3.5207E-4      0.50000
0.0035910       3.5174E-4      0.50000
0.0035933       3.5117E-4      0.50000
0.0035948       3.5080E-4      0.50000
0.0035969       3.5026E-4      0.50000
0.0035987       3.4982E-4      0.50000
0.0036005       3.4934E-4      0.50000
0.0036024       3.4886E-4      0.50000
0.0036041       3.4843E-4      0.50000
0.0036062       3.4789E-4      0.50000
0.0036077       3.4751E-4      0.50000
0.0036101       3.4689E-4      0.50000
0.0036113       3.4657E-4      0.50000
0.0036139       3.4592E-4      0.50000
0.0036149       3.4568E-4      0.50000
0.0036178       3.4491E-4      0.50000
0.0036184       3.4476E-4      0.50000
0.0036218       3.4390E-4      0.50000
0.0036220       3.4385E-4      0.50000
0.0036235       3.4346E-4      0.50000
0.0036254       3.4297E-4      0.50000
0.0036257       3.4291E-4      0.50000
0.0036289       3.4206E-4      0.50000
0.0036297       3.4187E-4      0.50000
0.0036324       3.4115E-4      0.50000
0.0036337       3.4083E-4      0.50000
0.0036359       3.4026E-4      0.50000
0.0036377       3.3980E-4      0.50000
0.0036393       3.3937E-4      0.50000
0.0036418       3.3874E-4      0.50000
0.0036428       3.3849E-4      0.50000
0.0036460       3.3770E-4      0.50000
0.0036463       3.3763E-4      0.50000
0.0036474       3.3734E-4      0.50000
0.0036497       3.3678E-4      0.50000
0.0036502       3.3664E-4      0.50000
0.0036531       3.3593E-4      0.50000
0.0036545       3.3557E-4      0.50000
0.0036565       3.3507E-4      0.50000
0.0036589       3.3451E-4      0.50000
0.0036600       3.3424E-4      0.50000
0.0036633       3.3343E-4      0.50000
0.0036633       3.3342E-4      0.50000
0.0036634       3.3339E-4      0.50000
0.0036667       3.3262E-4      0.50000
0.0036678       3.3237E-4      0.50000
0.0036702       3.3184E-4      0.50000
0.0036725       3.3129E-4      0.50000
0.0036736       3.3104E-4      0.50000
0.0036762       3.3047E-4      0.50000
0.0036769       3.3032E-4      0.50000
0.0036772       3.3025E-4      0.50000
0.0036803       3.2952E-4      0.50000
0.0036821       3.2913E-4      0.50000
0.0036837       3.2875E-4      0.50000
0.0036870       3.2804E-4      0.50000
0.0036872       3.2801E-4      0.50000
0.0036875       3.2794E-4      0.50000
0.0036906       3.2727E-4      0.50000
0.0036921       3.2694E-4      0.50000
0.0036940       3.2654E-4      0.50000
0.0036973       3.2583E-4      0.50000
0.0036974       3.2580E-4      0.50000
0.0036977       3.2576E-4      0.50000
0.0037009       3.2514E-4      0.50000
0.0037029       3.2474E-4      0.50000
0.0037044       3.2444E-4      0.50000
0.0037068       3.2402E-4      0.50000
0.0037078       3.2382E-4      0.50000
0.0037085       3.2368E-4      0.50000
0.0037113       3.2311E-4      0.50000
0.0037143       3.2256E-4      0.50000
0.0037148       3.2246E-4      0.50000
0.0037156       3.2233E-4      0.50000
0.0037184       3.2182E-4      0.50000
0.0037203       3.2148E-4      0.50000
0.0037220       3.2118E-4      0.50000
0.0037242       3.2079E-4      0.50000
0.0037255       3.2057E-4      0.50000
0.0037265       3.2042E-4      0.50000
0.0037291       3.1999E-4      0.50000
0.0037326       3.1942E-4      0.50000
0.0037328       3.1938E-4      0.50000
0.0037330       3.1935E-4      0.50000
0.0037366       3.1878E-4      0.50000
0.0037398       3.1830E-4      0.50000
0.0037403       3.1821E-4      0.50000
0.0037409       3.1813E-4      0.50000
0.0037443       3.1764E-4      0.50000
0.0037472       3.1723E-4      0.50000
0.0037482       3.1707E-4      0.50000
0.0037494       3.1690E-4      0.50000
0.0037521       3.1653E-4      0.50000
0.0037553       3.1611E-4      0.50000
0.0037558       3.1605E-4      0.50000
0.0037561       3.1601E-4      0.50000
0.0037595       3.1560E-4      0.50000
0.0037620       3.1531E-4      0.50000
0.0037632       3.1515E-4      0.50000
0.0037652       3.1493E-4      0.50000
0.0037667       3.1475E-4      0.50000
0.0037677       3.1464E-4      0.50000
0.0037703       3.1436E-4      0.50000
0.0037736       3.1406E-4      0.50000
0.0037740       3.1402E-4      0.50000
0.0037745       3.1397E-4      0.50000
0.0037772       3.1365E-4      0.50000
0.0037793       3.1345E-4      0.50000
0.0037806       3.1334E-4      0.50000
0.0037824       3.1314E-4      0.50000
0.0037839       3.1299E-4      0.50000
0.0037848       3.1292E-4      0.50000
0.0037870       3.1275E-4      0.50000
0.0037902       3.1249E-4      0.50000
0.0037902       3.1249E-4      0.50000
0.0037902       3.1249E-4      0.50000
0.0037935       3.1224E-4      0.50000
0.0037959       3.1206E-4      0.50000
0.0037965       3.1203E-4      0.50000
0.0037971       3.1198E-4      0.50000
0.0037995       3.1181E-4      0.50000
0.0038014       3.1166E-4      0.50000
0.0038025       3.1160E-4      0.50000
0.0038038       3.1151E-4      0.50000
0.0038057       3.1141E-4      0.50000
0.0038071       3.1133E-4      0.50000
0.0038088       3.1124E-4      0.50000
0.0038110       3.1111E-4      0.50000
0.0038120       3.1106E-4      0.50000
0.0038126       3.1104E-4      0.50000
0.0038151       3.1091E-4      0.50000
0.0038173       3.1083E-4      0.50000
0.0038183       3.1079E-4      0.50000
0.0038203       3.1073E-4      0.50000
0.0038214       3.1068E-4      0.50000
0.0038221       3.1066E-4      0.50000
0.0038253       3.1049E-4      0.50000
0.0038275       3.1043E-4      0.50000
0.0038290       3.1040E-4      0.50000
0.0038310       3.1028E-4      0.50000
0.0038325       3.1022E-4      0.50000
0.0038338       3.1021E-4      0.50000
0.0038360       3.1022E-4      0.50000
0.0038379       3.1016E-4      0.50000
0.0038397       3.1012E-4      0.50000
0.0038425       3.1012E-4      0.50000
0.0038435       3.1012E-4      0.50000
0.0038441       3.1010E-4      0.50000
0.0038469       3.1001E-4      0.50000
0.0038499       3.0999E-4      0.50000
0.0038504       3.0999E-4      0.50000
0.0038508       3.0998E-4      0.50000
0.0038539       3.0995E-4      0.50000
0.0038569       3.0996E-4      0.50000
0.0038573       3.0997E-4      0.50000
0.0038577       3.0997E-4      0.50000
0.0038607       3.0997E-4      0.50000
0.0038637       3.1005E-4      0.50000
0.0038642       3.1006E-4      0.50000
0.0038647       3.1006E-4      0.50000
0.0038677       3.1003E-4      0.50000
0.0038705       3.1009E-4      0.50000
0.0038711       3.1010E-4      0.50000
0.0038717       3.1010E-4      0.50000
0.0038746       3.1013E-4      0.50000
0.0038773       3.1021E-4      0.50000
0.0038781       3.1025E-4      0.50000
0.0038789       3.1026E-4      0.50000
0.0038815       3.1032E-4      0.50000
0.0038839       3.1044E-4      0.50000
0.0038850       3.1048E-4      0.50000
0.0038862       3.1051E-4      0.50000
0.0038884       3.1053E-4      0.50000
0.0038905       3.1062E-4      0.50000
0.0038919       3.1068E-4      0.50000
0.0038935       3.1071E-4      0.50000
0.0038954       3.1077E-4      0.50000
0.0038971       3.1086E-4      0.50000
0.0038989       3.1098E-4      0.50000
0.0039010       3.1107E-4      0.50000
0.0039023       3.1113E-4      0.50000
0.0039035       3.1121E-4      0.50000
0.0039058       3.1134E-4      0.50000
0.0039086       3.1148E-4      0.50000
0.0039093       3.1150E-4      0.50000
0.0039099       3.1154E-4      0.50000
0.0039128       3.1171E-4      0.50000
0.0039161       3.1185E-4      0.50000
0.0039163       3.1186E-4      0.50000
0.0039164       3.1187E-4      0.50000
0.0039197       3.1215E-4      0.50000
0.0039226       3.1234E-4      0.50000
0.0039232       3.1239E-4      0.50000
0.0039240       3.1244E-4      0.50000
0.0039267       3.1263E-4      0.50000
0.0039288       3.1279E-4      0.50000
0.0039302       3.1290E-4      0.50000
0.0039320       3.1304E-4      0.50000
0.0039337       3.1316E-4      0.50000
0.0039351       3.1325E-4      0.50000
0.0039372       3.1343E-4      0.50000
0.0039399       3.1365E-4      0.50000
0.0039407       3.1372E-4      0.50000
0.0039412       3.1377E-4      0.50000
0.0039442       3.1404E-4      0.50000
0.0039473       3.1433E-4      0.50000
0.0039476       3.1436E-4      0.50000
0.0039481       3.1440E-4      0.50000
0.0039511       3.1467E-4      0.50000
0.0039533       3.1489E-4      0.50000
0.0039546       3.1502E-4      0.50000
0.0039565       3.1523E-4      0.50000
0.0039581       3.1539E-4      0.50000
0.0039593       3.1551E-4      0.50000
0.0039616       3.1570E-4      0.50000
0.0039647       3.1603E-4      0.50000
0.0039651       3.1606E-4      0.50000
0.0039653       3.1609E-4      0.50000
0.0039686       3.1642E-4      0.50000
0.0039713       3.1673E-4      0.50000
0.0039721       3.1684E-4      0.50000
0.0039733       3.1696E-4      0.50000
0.0039756       3.1721E-4      0.50000
0.0039771       3.1742E-4      0.50000
0.0039791       3.1765E-4      0.50000
0.0039819       3.1797E-4      0.50000
0.0039825       3.1803E-4      0.50000
0.0039830       3.1809E-4      0.50000
0.0039860       3.1846E-4      0.50000
0.0039889       3.1875E-4      0.50000
0.0039895       3.1883E-4      0.50000
0.0039905       3.1894E-4      0.50000
0.0039930       3.1930E-4      0.50000
0.0039946       3.1952E-4      0.50000
0.0039965       3.1977E-4      0.50000
0.0039994       3.2013E-4      0.50000
0.0040000       3.2021E-4      0.50000
