0.0030000       1.9722E-4      0.50000
0.0030011       1.9727E-4      0.50000
0.0030035       1.9740E-4      0.50000
0.0030054       1.9753E-4      0.50000
0.0030070       1.9762E-4      0.50000
0.0030089       1.9775E-4      0.50000
0.0030105       1.9780E-4      0.50000
0.0030118       1.9790E-4      0.50000
0.0030140       1.9807E-4      0.50000
0.0030169       1.9835E-4      0.50000
0.0030175       1.9842E-4      0.50000
0.0030179       1.9847E-4      0.50000
0.0030209       1.9879E-4      0.50000
0.0030238       1.9912E-4      0.50000
0.0030244       1.9919E-4      0.50000
0.0030254       1.9931E-4      0.50000
0.0030279       1.9964E-4      0.50000
0.0030295       1.9988E-4      0.50000
0.0030314       2.0021E-4      0.50000
0.0030347       2.0073E-4      0.50000
0.0030349       2.0075E-4      0.50000
0.0030350       2.0077E-4      0.50000
0.0030384       2.0120E-4      0.50000
0.0030407       2.0155E-4      0.50000
0.0030419       2.0169E-4      0.50000
0.0030438       2.0203E-4      0.50000
0.0030454       2.0231E-4      0.50000
0.0030462       2.0248E-4      0.50000
0.0030488       2.0304E-4      0.50000
0.0030513       2.0360E-4      0.50000
0.0030523       2.0381E-4      0.50000
0.0030544       2.0425E-4      0.50000
0.0030558       2.0456E-4      0.50000
0.0030564       2.0470E-4      0.50000
0.0030593       2.0533E-4      0.50000
0.0030615       2.0585E-4      0.50000
0.0030628       2.0619E-4      0.50000
0.0030658       2.0697E-4      0.50000
0.0030662       2.0705E-4      0.50000
0.0030664       2.0709E-4      0.50000
0.0030697       2.0783E-4      0.50000
0.0030714       2.0825E-4      0.50000
0.0030732       2.0863E-4      0.50000
0.0030763       2.0948E-4      0.50000
0.0030766       2.0958E-4      0.50000
0.0030776       2.0987E-4      0.50000
0.0030801       2.1060E-4      0.50000
0.0030809       2.1086E-4      0.50000
0.0030835       2.1163E-4      0.50000
0.0030855       2.1224E-4      0.50000
0.0030870       2.1269E-4      0.50000
0.0030900       2.1365E-4      0.50000
0.0030905       2.1380E-4      0.50000
0.0030921       2.1439E-4      0.50000
0.0030939       2.1502E-4      0.50000
0.0030944       2.1518E-4      0.50000
0.0030974       2.1619E-4      0.50000
0.0030988       2.1667E-4      0.50000
0.0031009       2.1738E-4      0.50000
0.0031032       2.1817E-4      0.50000
0.0031043       2.1862E-4      0.50000
0.0031074       2.1976E-4      0.50000
0.0031079       2.1993E-4      0.50000
0.0031099       2.2068E-4      0.50000
0.0031114       2.2119E-4      0.50000
0.0031117       2.2132E-4      0.50000
0.0031149       2.2242E-4      0.50000
0.0031161       2.2289E-4      0.50000
0.0031184       2.2380E-4      0.50000
0.0031203       2.2450E-4      0.50000
0.0031219       2.2510E-4      0.50000
0.0031245       2.2609E-4      0.50000
0.0031253       2.2639E-4      0.50000
0.0031267       2.2695E-4      0.50000
0.0031284       2.2770E-4      0.50000
0.0031296       2.2823E-4      0.50000
0.0031317       2.2918E-4      0.50000
0.0031342       2.3035E-4      0.50000
0.0031352       2.3079E-4      0.50000
0.0031375       2.3183E-4      0.50000
0.0031377       2.3193E-4      0.50000
0.0031378       2.3196E-4      0.50000
0.0031403       2.3307E-4      0.50000
0.0031411       2.3345E-4      0.50000
0.0031436       2.3452E-4      0.50000
0.0031444       2.3491E-4      0.50000
0.0031462       2.3573E-4      0.50000
0.0031469       2.3603E-4      0.50000
0.0031472       2.3618E-4      0.50000
0.0031493       2.3720E-4      0.50000
0.0031520       2.3840E-4      0.50000
0.0031526       2.3872E-4      0.50000
0.0031533       2.3905E-4      0.50000
0.0031559       2.4031E-4      0.50000
0.0031584       2.4157E-4      0.50000
0.0031591       2.4184E-4      0.50000
0.0031600       2.4223E-4      0.50000
0.0031623       2.4331E-4      0.50000
0.0031645       2.4440E-4      0.50000
0.0031654       2.4487E-4      0.50000
0.0031662       2.4530E-4      0.50000
0.0031686       2.4646E-4      0.50000
0.0031710       2.4763E-4      0.50000
0.0031717       2.4798E-4      0.50000
0.0031723       2.4828E-4      0.50000
0.0031747       2.4952E-4      0.50000
0.0031775       2.5094E-4      0.50000
0.0031778       2.5107E-4      0.50000
0.0031781       2.5121E-4      0.50000
0.0031809       2.5258E-4      0.50000
0.0031839       2.5407E-4      0.50000
0.0031840       2.5411E-4      0.50000
0.0031841       2.5416E-4      0.50000
0.0031871       2.5567E-4      0.50000
0.0031896       2.5691E-4      0.50000
0.0031902       2.5723E-4      0.50000
0.0031910       2.5763E-4      0.50000
0.0031933       2.5882E-4      0.50000
0.0031950       2.5974E-4      0.50000
0.0031964       2.6051E-4      0.50000
0.0031984       2.6155E-4      0.50000
0.0031995       2.6211E-4      0.50000
0.0032005       2.6257E-4      0.50000
0.0032027       2.6358E-4      0.50000
0.0032053       2.6476E-4      0.50000
0.0032059       2.6505E-4      0.50000
0.0032063       2.6526E-4      0.50000
0.0032090       2.6661E-4      0.50000
0.0032113       2.6777E-4      0.50000
0.0032122       2.6827E-4      0.50000
0.0032141       2.6936E-4      0.50000
0.0032154       2.7012E-4      0.50000
0.0032159       2.7042E-4      0.50000
0.0032186       2.7181E-4      0.50000
0.0032206       2.7285E-4      0.50000
0.0032218       2.7345E-4      0.50000
0.0032243       2.7466E-4      0.50000
0.0032250       2.7499E-4      0.50000
0.0032255       2.7521E-4      0.50000
0.0032283       2.7658E-4      0.50000
0.0032302       2.7752E-4      0.50000
0.0032315       2.7814E-4      0.50000
0.0032343       2.7945E-4      0.50000
0.0032348       2.7968E-4      0.50000
0.0032350       2.7979E-4      0.50000
0.0032379       2.8123E-4      0.50000
0.0032395       2.8200E-4      0.50000
0.0032411       2.8286E-4      0.50000
0.0032438       2.8429E-4      0.50000
0.0032444       2.8454E-4      0.50000
0.0032457       2.8517E-4      0.50000
0.0032475       2.8611E-4      0.50000
0.0032482       2.8645E-4      0.50000
0.0032507       2.8766E-4      0.50000
0.0032526       2.8858E-4      0.50000
0.0032539       2.8925E-4      0.50000
0.0032569       2.9072E-4      0.50000
0.0032571       2.9084E-4      0.50000
0.0032579       2.9118E-4      0.50000
0.0032604       2.9227E-4      0.50000
0.0032614       2.9273E-4      0.50000
0.0032636       2.9363E-4      0.50000
0.0032659       2.9467E-4      0.50000
0.0032668       2.9509E-4      0.50000
0.0032696       2.9642E-4      0.50000
0.0032700       2.9660E-4      0.50000
0.0032701       2.9665E-4      0.50000
0.0032732       2.9807E-4      0.50000
0.0032744       2.9859E-4      0.50000
0.0032764       2.9951E-4      0.50000
0.0032785       3.0045E-4      0.50000
0.0032796       3.0098E-4      0.50000
0.0032826       3.0238E-4      0.50000
0.0032829       3.0251E-4      0.50000
0.0032840       3.0297E-4      0.50000
0.0032861       3.0394E-4      0.50000
0.0032867       3.0419E-4      0.50000
0.0032893       3.0534E-4      0.50000
0.0032908       3.0596E-4      0.50000
0.0032926       3.0678E-4      0.50000
0.0032948       3.0775E-4      0.50000
0.0032959       3.0820E-4      0.50000
0.0032989       3.0945E-4      0.50000
0.0032991       3.0956E-4      0.50000
0.0033001       3.0993E-4      0.50000
0.0033024       3.1078E-4      0.50000
0.0033031       3.1106E-4      0.50000
0.0033057       3.1210E-4      0.50000
0.0033071       3.1268E-4      0.50000
0.0033090       3.1338E-4      0.50000
0.0033112       3.1425E-4      0.50000
0.0033123       3.1462E-4      0.50000
0.0033152       3.1576E-4      0.50000
0.0033155       3.1586E-4      0.50000
0.0033169       3.1638E-4      0.50000
0.0033188       3.1715E-4      0.50000
0.0033192       3.1730E-4      0.50000
0.0033222       3.1841E-4      0.50000
0.0033232       3.1879E-4      0.50000
0.0033254       3.1961E-4      0.50000
0.0033271       3.2021E-4      0.50000
0.0033288       3.2084E-4      0.50000
0.0033310       3.2168E-4      0.50000
0.0033321       3.2208E-4      0.50000
0.0033349       3.2306E-4      0.50000
0.0033355       3.2325E-4      0.50000
0.0033385       3.2427E-4      0.50000
0.0033388       3.2437E-4      0.50000
0.0033388       3.2439E-4      0.50000
0.0033422       3.2558E-4      0.50000
0.0033428       3.2576E-4      0.50000
0.0033456       3.2670E-4      0.50000
0.0033466       3.2704E-4      0.50000
0.0033489       3.2778E-4      0.50000
0.0033506       3.2828E-4      0.50000
0.0033524       3.2887E-4      0.50000
0.0033544       3.2953E-4      0.50000
0.0033558       3.2994E-4      0.50000
0.0033583       3.3071E-4      0.50000
0.0033592       3.3096E-4      0.50000
0.0033623       3.3185E-4      0.50000
0.0033626       3.3194E-4      0.50000
0.0033653       3.3274E-4      0.50000
0.0033660       3.3294E-4      0.50000
0.0033661       3.3297E-4      0.50000
0.0033695       3.3387E-4      0.50000
0.0033701       3.3402E-4      0.50000
0.0033729       3.3475E-4      0.50000
0.0033740       3.3504E-4      0.50000
0.0033763       3.3565E-4      0.50000
0.0033779       3.3605E-4      0.50000
0.0033798       3.3654E-4      0.50000
0.0033818       3.3702E-4      0.50000
0.0033833       3.3738E-4      0.50000
0.0033856       3.3794E-4      0.50000
0.0033867       3.3821E-4      0.50000
0.0033895       3.3887E-4      0.50000
0.0033902       3.3904E-4      0.50000
0.0033933       3.3975E-4      0.50000
0.0033937       3.3984E-4      0.50000
0.0033971       3.4058E-4      0.50000
0.0033971       3.4058E-4      0.50000
0.0033973       3.4062E-4      0.50000
0.0034007       3.4136E-4      0.50000
0.0034010       3.4142E-4      0.50000
0.0034042       3.4209E-4      0.50000
0.0034048       3.4222E-4      0.50000
0.0034077       3.4277E-4      0.50000
0.0034086       3.4296E-4      0.50000
0.0034112       3.4346E-4      0.50000
0.0034124       3.4371E-4      0.50000
0.0034147       3.4413E-4      0.50000
0.0034163       3.4441E-4      0.50000
0.0034182       3.4474E-4      0.50000
0.0034200       3.4506E-4      0.50000
0.0034217       3.4534E-4      0.50000
0.0034239       3.4572E-4      0.50000
0.0034253       3.4594E-4      0.50000
0.0034277       3.4632E-4      0.50000
0.0034288       3.4648E-4      0.50000
0.0034315       3.4688E-4      0.50000
0.0034323       3.4700E-4      0.50000
0.0034353       3.4745E-4      0.50000
0.0034359       3.4752E-4      0.50000
0.0034391       3.4795E-4      0.50000
0.0034394       3.4799E-4      0.50000
0.0034429       3.4841E-4      0.50000
0.0034429       3.4842E-4      0.50000
0.0034446       3.4863E-4      0.50000
0.0034466       3.4887E-4      0.50000
0.0034467       3.4888E-4      0.50000
0.0034502       3.4926E-4      0.50000
0.0034504       3.4928E-4      0.50000
0.0034538       3.4961E-4      0.50000
0.0034542       3.4965E-4      0.50000
0.0034574       3.4997E-4      0.50000
0.0034579       3.5001E-4      0.50000
0.0034610       3.5027E-4      0.50000
0.0034616       3.5032E-4      0.50000
0.0034646       3.5054E-4      0.50000
0.0034653       3.5060E-4      0.50000
0.0034683       3.5082E-4      0.50000
0.0034691       3.5086E-4      0.50000
0.0034720       3.5103E-4      0.50000
0.0034728       3.5108E-4      0.50000
0.0034756       3.5122E-4      0.50000
0.0034765       3.5127E-4      0.50000
0.0034793       3.5140E-4      0.50000
0.0034802       3.5144E-4      0.50000
0.0034829       3.5153E-4      0.50000
0.0034839       3.5156E-4      0.50000
0.0034866       3.5164E-4      0.50000
0.0034876       3.5167E-4      0.50000
0.0034903       3.5174E-4      0.50000
0.0034913       3.5175E-4      0.50000
0.0034939       3.5178E-4      0.50000
0.0034950       3.5179E-4      0.50000
0.0034976       3.5180E-4      0.50000
0.0034987       3.5180E-4      0.50000
0.0035013       3.5181E-4      0.50000
0.0035024       3.5180E-4      0.50000
0.0035049       3.5177E-4      0.50000
0.0035061       3.5175E-4      0.50000
0.0035086       3.5171E-4      0.50000
0.0035097       3.5168E-4      0.50000
0.0035123       3.5163E-4      0.50000
0.0035135       3.5159E-4      0.50000
0.0035160       3.5149E-4      0.50000
0.0035171       3.5145E-4      0.50000
0.0035197       3.5134E-4      0.50000
0.0035208       3.5129E-4      0.50000
0.0035234       3.5117E-4      0.50000
0.0035245       3.5111E-4      0.50000
0.0035271       3.5095E-4      0.50000
0.0035281       3.5088E-4      0.50000
0.0035308       3.5071E-4      0.50000
0.0035318       3.5064E-4      0.50000
0.0035345       3.5044E-4      0.50000
0.0035355       3.5036E-4      0.50000
0.0035382       3.5013E-4      0.50000
0.0035391       3.5005E-4      0.50000
0.0035419       3.4980E-4      0.50000
0.0035427       3.4973E-4      0.50000
0.0035457       3.4945E-4      0.50000
0.0035464       3.4937E-4      0.50000
0.0035494       3.4905E-4      0.50000
0.0035500       3.4898E-4      0.50000
0.0035531       3.4862E-4      0.50000
0.0035536       3.4857E-4      0.50000
0.0035569       3.4817E-4      0.50000
0.0035572       3.4812E-4      0.50000
0.0035606       3.4766E-4      0.50000
0.0035608       3.4764E-4      0.50000
0.0035644       3.4714E-4      0.50000
0.0035644       3.4714E-4      0.50000
0.0035645       3.4712E-4      0.50000
0.0035680       3.4661E-4      0.50000
0.0035682       3.4658E-4      0.50000
0.0035715       3.4605E-4      0.50000
0.0035719       3.4598E-4      0.50000
0.0035750       3.4547E-4      0.50000
0.0035757       3.4536E-4      0.50000
0.0035786       3.4487E-4      0.50000
0.0035795       3.4470E-4      0.50000
0.0035821       3.4423E-4      0.50000
0.0035833       3.4401E-4      0.50000
0.0035856       3.4358E-4      0.50000
0.0035870       3.4329E-4      0.50000
0.0035891       3.4290E-4      0.50000
0.0035909       3.4254E-4      0.50000
0.0035926       3.4219E-4      0.50000
0.0035946       3.4175E-4      0.50000
0.0035960       3.4145E-4      0.50000
0.0035985       3.4092E-4      0.50000
0.0035996       3.4068E-4      0.50000
0.0036023       3.4007E-4      0.50000
0.0036031       3.3989E-4      0.50000
0.0036060       3.3918E-4      0.50000
0.0036065       3.3907E-4      0.50000
0.0036099       3.3825E-4      0.50000
0.0036100       3.3822E-4      0.50000
0.0036112       3.3793E-4      0.50000
0.0036135       3.3736E-4      0.50000
0.0036137       3.3731E-4      0.50000
0.0036169       3.3647E-4      0.50000
0.0036175       3.3632E-4      0.50000
0.0036204       3.3554E-4      0.50000
0.0036213       3.3530E-4      0.50000
0.0036238       3.3461E-4      0.50000
0.0036251       3.3426E-4      0.50000
0.0036272       3.3365E-4      0.50000
0.0036289       3.3317E-4      0.50000
0.0036307       3.3265E-4      0.50000
0.0036327       3.3205E-4      0.50000
0.0036341       3.3164E-4      0.50000
0.0036365       3.3092E-4      0.50000
0.0036375       3.3062E-4      0.50000
0.0036403       3.2971E-4      0.50000
0.0036409       3.2953E-4      0.50000
0.0036442       3.2849E-4      0.50000
0.0036443       3.2845E-4      0.50000
0.0036450       3.2820E-4      0.50000
0.0036476       3.2738E-4      0.50000
0.0036480       3.2726E-4      0.50000
0.0036510       3.2623E-4      0.50000
0.0036518       3.2596E-4      0.50000
0.0036544       3.2509E-4      0.50000
0.0036556       3.2465E-4      0.50000
0.0036577       3.2394E-4      0.50000
0.0036595       3.2330E-4      0.50000
0.0036611       3.2272E-4      0.50000
0.0036633       3.2189E-4      0.50000
0.0036644       3.2149E-4      0.50000
0.0036671       3.2047E-4      0.50000
0.0036677       3.2025E-4      0.50000
0.0036710       3.1899E-4      0.50000
0.0036711       3.1897E-4      0.50000
0.0036715       3.1882E-4      0.50000
0.0036744       3.1765E-4      0.50000
0.0036748       3.1747E-4      0.50000
0.0036776       3.1634E-4      0.50000
0.0036786       3.1594E-4      0.50000
0.0036810       3.1499E-4      0.50000
0.0036826       3.1435E-4      0.50000
0.0036843       3.1361E-4      0.50000
0.0036863       3.1274E-4      0.50000
0.0036875       3.1224E-4      0.50000
0.0036902       3.1108E-4      0.50000
0.0036908       3.1081E-4      0.50000
0.0036941       3.0939E-4      0.50000
0.0036941       3.0939E-4      0.50000
0.0036942       3.0937E-4      0.50000
0.0036973       3.0793E-4      0.50000
0.0036979       3.0767E-4      0.50000
0.0037006       3.0643E-4      0.50000
0.0037018       3.0587E-4      0.50000
0.0037039       3.0493E-4      0.50000
0.0037057       3.0409E-4      0.50000
0.0037071       3.0343E-4      0.50000
0.0037096       3.0223E-4      0.50000
0.0037103       3.0187E-4      0.50000
0.0037135       3.0035E-4      0.50000
0.0037135       3.0033E-4      0.50000
0.0037137       3.0028E-4      0.50000
0.0037168       2.9882E-4      0.50000
0.0037175       2.9847E-4      0.50000
0.0037200       2.9721E-4      0.50000
0.0037214       2.9649E-4      0.50000
0.0037232       2.9561E-4      0.50000
0.0037254       2.9453E-4      0.50000
0.0037264       2.9402E-4      0.50000
0.0037294       2.9249E-4      0.50000
0.0037297       2.9236E-4      0.50000
0.0037306       2.9185E-4      0.50000
0.0037328       2.9070E-4      0.50000
0.0037333       2.9042E-4      0.50000
0.0037359       2.8905E-4      0.50000
0.0037373       2.8832E-4      0.50000
0.0037391       2.8737E-4      0.50000
0.0037414       2.8616E-4      0.50000
0.0037423       2.8568E-4      0.50000
0.0037454       2.8400E-4      0.50000
0.0037454       2.8398E-4      0.50000
0.0037455       2.8394E-4      0.50000
0.0037485       2.8223E-4      0.50000
0.0037495       2.8172E-4      0.50000
0.0037517       2.8051E-4      0.50000
0.0037537       2.7946E-4      0.50000
0.0037548       2.7879E-4      0.50000
0.0037577       2.7713E-4      0.50000
0.0037580       2.7701E-4      0.50000
0.0037585       2.7668E-4      0.50000
0.0037611       2.7529E-4      0.50000
0.0037620       2.7480E-4      0.50000
0.0037642       2.7359E-4      0.50000
0.0037663       2.7244E-4      0.50000
0.0037674       2.7181E-4      0.50000
0.0037704       2.7011E-4      0.50000
0.0037705       2.7004E-4      0.50000
0.0037705       2.7001E-4      0.50000
0.0037736       2.6830E-4      0.50000
0.0037749       2.6757E-4      0.50000
0.0037767       2.6652E-4      0.50000
0.0037794       2.6502E-4      0.50000
0.0037799       2.6476E-4      0.50000
0.0037809       2.6416E-4      0.50000
0.0037829       2.6296E-4      0.50000
0.0037838       2.6242E-4      0.50000
0.0037860       2.6117E-4      0.50000
0.0037885       2.5972E-4      0.50000
0.0037890       2.5944E-4      0.50000
0.0037899       2.5897E-4      0.50000
0.0037921       2.5778E-4      0.50000
0.0037935       2.5703E-4      0.50000
0.0037952       2.5607E-4      0.50000
0.0037980       2.5447E-4      0.50000
0.0037982       2.5435E-4      0.50000
0.0037983       2.5428E-4      0.50000
0.0038012       2.5266E-4      0.50000
0.0038033       2.5150E-4      0.50000
0.0038042       2.5099E-4      0.50000
0.0038055       2.5028E-4      0.50000
0.0038072       2.4934E-4      0.50000
0.0038084       2.4869E-4      0.50000
0.0038102       2.4765E-4      0.50000
0.0038128       2.4620E-4      0.50000
0.0038132       2.4598E-4      0.50000
0.0038135       2.4582E-4      0.50000
0.0038162       2.4440E-4      0.50000
0.0038190       2.4299E-4      0.50000
0.0038193       2.4285E-4      0.50000
0.0038196       2.4268E-4      0.50000
0.0038223       2.4128E-4      0.50000
0.0038247       2.4007E-4      0.50000
0.0038253       2.3970E-4      0.50000
0.0038262       2.3925E-4      0.50000
0.0038283       2.3807E-4      0.50000
0.0038302       2.3709E-4      0.50000
0.0038314       2.3649E-4      0.50000
0.0038326       2.3589E-4      0.50000
0.0038345       2.3498E-4      0.50000
0.0038363       2.3410E-4      0.50000
0.0038376       2.3352E-4      0.50000
0.0038387       2.3299E-4      0.50000
0.0038407       2.3205E-4      0.50000
0.0038429       2.3100E-4      0.50000
0.0038437       2.3056E-4      0.50000
0.0038446       2.3014E-4      0.50000
0.0038468       2.2902E-4      0.50000
0.0038490       2.2798E-4      0.50000
0.0038498       2.2760E-4      0.50000
0.0038506       2.2725E-4      0.50000
0.0038528       2.2633E-4      0.50000
0.0038553       2.2528E-4      0.50000
0.0038557       2.2510E-4      0.50000
0.0038561       2.2495E-4      0.50000
0.0038587       2.2386E-4      0.50000
0.0038599       2.2337E-4      0.50000
0.0038620       2.2243E-4      0.50000
0.0038646       2.2130E-4      0.50000
0.0038654       2.2093E-4      0.50000
0.0038659       2.2073E-4      0.50000
0.0038689       2.1950E-4      0.50000
0.0038705       2.1886E-4      0.50000
0.0038723       2.1815E-4      0.50000
0.0038753       2.1707E-4      0.50000
0.0038759       2.1683E-4      0.50000
0.0038784       2.1591E-4      0.50000
0.0038793       2.1558E-4      0.50000
0.0038795       2.1550E-4      0.50000
0.0038827       2.1442E-4      0.50000
0.0038839       2.1402E-4      0.50000
0.0038861       2.1333E-4      0.50000
0.0038884       2.1258E-4      0.50000
0.0038895       2.1221E-4      0.50000
0.0038928       2.1116E-4      0.50000
0.0038929       2.1113E-4      0.50000
0.0038931       2.1106E-4      0.50000
0.0038962       2.1013E-4      0.50000
0.0038973       2.0981E-4      0.50000
0.0038996       2.0914E-4      0.50000
0.0039019       2.0848E-4      0.50000
0.0039030       2.0816E-4      0.50000
0.0039059       2.0735E-4      0.50000
0.0039064       2.0722E-4      0.50000
0.0039065       2.0717E-4      0.50000
0.0039098       2.0631E-4      0.50000
0.0039113       2.0593E-4      0.50000
0.0039132       2.0548E-4      0.50000
0.0039163       2.0480E-4      0.50000
0.0039166       2.0472E-4      0.50000
0.0039174       2.0455E-4      0.50000
0.0039200       2.0393E-4      0.50000
0.0039213       2.0367E-4      0.50000
0.0039235       2.0323E-4      0.50000
0.0039265       2.0267E-4      0.50000
0.0039269       2.0260E-4      0.50000
0.0039277       2.0246E-4      0.50000
0.0039304       2.0196E-4      0.50000
0.0039318       2.0169E-4      0.50000
0.0039338       2.0130E-4      0.50000
0.0039371       2.0072E-4      0.50000
0.0039373       2.0069E-4      0.50000
0.0039376       2.0065E-4      0.50000
0.0039408       2.0013E-4      0.50000
0.0039427       1.9986E-4      0.50000
0.0039442       1.9966E-4      0.50000
0.0039466       1.9940E-4      0.50000
0.0039477       1.9929E-4      0.50000
0.0039485       1.9919E-4      0.50000
0.0039512       1.9885E-4      0.50000
0.0039543       1.9850E-4      0.50000
0.0039547       1.9847E-4      0.50000
0.0039551       1.9844E-4      0.50000
0.0039581       1.9816E-4      0.50000
0.0039604       1.9796E-4      0.50000
0.0039616       1.9786E-4      0.50000
0.0039632       1.9776E-4      0.50000
0.0039651       1.9761E-4      0.50000
0.0039666       1.9752E-4      0.50000
0.0039686       1.9733E-4      0.50000
0.0039711       1.9720E-4      0.50000
0.0039721       1.9714E-4      0.50000
0.0039730       1.9711E-4      0.50000
0.0039756       1.9706E-4      0.50000
0.0039783       1.9704E-4      0.50000
0.0039791       1.9702E-4      0.50000
0.0039798       1.9700E-4      0.50000
0.0039826       1.9697E-4      0.50000
0.0039854       1.9696E-4      0.50000
0.0039860       1.9695E-4      0.50000
0.0039866       1.9695E-4      0.50000
0.0039895       1.9686E-4      0.50000
0.0039925       1.9689E-4      0.50000
0.0039930       1.9690E-4      0.50000
0.0039936       1.9691E-4      0.50000
0.0039965       1.9705E-4      0.50000
0.0039990       1.9721E-4      0.50000
0.0040000       1.9725E-4      0.50000
