0.0030000       1.9756E-4      0.50000
0.0030016       1.9757E-4      0.50000
0.0030035       1.9762E-4      0.50000
0.0030052       1.9767E-4      0.50000
0.0030070       1.9771E-4      0.50000
0.0030089       1.9775E-4      0.50000
0.0030105       1.9779E-4      0.50000
0.0030119       1.9786E-4      0.50000
0.0030140       1.9796E-4      0.50000
0.0030164       1.9808E-4      0.50000
0.0030175       1.9813E-4      0.50000
0.0030183       1.9817E-4      0.50000
0.0030209       1.9835E-4      0.50000
0.0030242       1.9859E-4      0.50000
0.0030244       1.9860E-4      0.50000
0.0030246       1.9862E-4      0.50000
0.0030279       1.9892E-4      0.50000
0.0030306       1.9920E-4      0.50000
0.0030314       1.9928E-4      0.50000
0.0030325       1.9939E-4      0.50000
0.0030349       1.9965E-4      0.50000
0.0030365       1.9985E-4      0.50000
0.0030384       2.0009E-4      0.50000
0.0030414       2.0054E-4      0.50000
0.0030419       2.0061E-4      0.50000
0.0030422       2.0065E-4      0.50000
0.0030454       2.0104E-4      0.50000
0.0030479       2.0144E-4      0.50000
0.0030488       2.0161E-4      0.50000
0.0030505       2.0184E-4      0.50000
0.0030523       2.0213E-4      0.50000
0.0030534       2.0232E-4      0.50000
0.0030558       2.0280E-4      0.50000
0.0030586       2.0334E-4      0.50000
0.0030593       2.0346E-4      0.50000
0.0030605       2.0369E-4      0.50000
0.0030627       2.0414E-4      0.50000
0.0030639       2.0438E-4      0.50000
0.0030662       2.0489E-4      0.50000
0.0030689       2.0551E-4      0.50000
0.0030697       2.0569E-4      0.50000
0.0030715       2.0612E-4      0.50000
0.0030731       2.0651E-4      0.50000
0.0030739       2.0669E-4      0.50000
0.0030766       2.0731E-4      0.50000
0.0030788       2.0788E-4      0.50000
0.0030801       2.0822E-4      0.50000
0.0030832       2.0899E-4      0.50000
0.0030835       2.0908E-4      0.50000
0.0030837       2.0911E-4      0.50000
0.0030870       2.1008E-4      0.50000
0.0030883       2.1046E-4      0.50000
0.0030905       2.1111E-4      0.50000
0.0030929       2.1185E-4      0.50000
0.0030939       2.1217E-4      0.50000
0.0030974       2.1324E-4      0.50000
0.0030974       2.1325E-4      0.50000
0.0030974       2.1325E-4      0.50000
0.0031009       2.1436E-4      0.50000
0.0031018       2.1470E-4      0.50000
0.0031043       2.1554E-4      0.50000
0.0031062       2.1619E-4      0.50000
0.0031078       2.1677E-4      0.50000
0.0031105       2.1774E-4      0.50000
0.0031113       2.1804E-4      0.50000
0.0031148       2.1932E-4      0.50000
0.0031148       2.1934E-4      0.50000
0.0031152       2.1947E-4      0.50000
0.0031187       2.2074E-4      0.50000
0.0031193       2.2094E-4      0.50000
0.0031222       2.2207E-4      0.50000
0.0031235       2.2253E-4      0.50000
0.0031257       2.2337E-4      0.50000
0.0031283       2.2442E-4      0.50000
0.0031288       2.2459E-4      0.50000
0.0031293       2.2481E-4      0.50000
0.0031319       2.2585E-4      0.50000
0.0031337       2.2665E-4      0.50000
0.0031351       2.2722E-4      0.50000
0.0031375       2.2826E-4      0.50000
0.0031376       2.2833E-4      0.50000
0.0031381       2.2854E-4      0.50000
0.0031404       2.2954E-4      0.50000
0.0031411       2.2988E-4      0.50000
0.0031431       2.3082E-4      0.50000
0.0031458       2.3204E-4      0.50000
0.0031458       2.3208E-4      0.50000
0.0031459       2.3213E-4      0.50000
0.0031483       2.3324E-4      0.50000
0.0031494       2.3375E-4      0.50000
0.0031507       2.3435E-4      0.50000
0.0031531       2.3550E-4      0.50000
0.0031540       2.3595E-4      0.50000
0.0031549       2.3636E-4      0.50000
0.0031571       2.3742E-4      0.50000
0.0031594       2.3856E-4      0.50000
0.0031601       2.3895E-4      0.50000
0.0031609       2.3932E-4      0.50000
0.0031633       2.4039E-4      0.50000
0.0031657       2.4159E-4      0.50000
0.0031664       2.4195E-4      0.50000
0.0031672       2.4228E-4      0.50000
0.0031696       2.4347E-4      0.50000
0.0031718       2.4460E-4      0.50000
0.0031727       2.4505E-4      0.50000
0.0031736       2.4554E-4      0.50000
0.0031758       2.4660E-4      0.50000
0.0031776       2.4759E-4      0.50000
0.0031788       2.4824E-4      0.50000
0.0031803       2.4896E-4      0.50000
0.0031819       2.4975E-4      0.50000
0.0031833       2.5048E-4      0.50000
0.0031850       2.5136E-4      0.50000
0.0031870       2.5235E-4      0.50000
0.0031881       2.5289E-4      0.50000
0.0031889       2.5335E-4      0.50000
0.0031911       2.5457E-4      0.50000
0.0031942       2.5618E-4      0.50000
0.0031942       2.5619E-4      0.50000
0.0031942       2.5619E-4      0.50000
0.0031973       2.5782E-4      0.50000
0.0031995       2.5898E-4      0.50000
0.0032004       2.5946E-4      0.50000
0.0032017       2.6015E-4      0.50000
0.0032035       2.6111E-4      0.50000
0.0032048       2.6179E-4      0.50000
0.0032066       2.6275E-4      0.50000
0.0032096       2.6434E-4      0.50000
0.0032098       2.6440E-4      0.50000
0.0032098       2.6443E-4      0.50000
0.0032129       2.6607E-4      0.50000
0.0032146       2.6699E-4      0.50000
0.0032160       2.6777E-4      0.50000
0.0032191       2.6939E-4      0.50000
0.0032192       2.6945E-4      0.50000
0.0032193       2.6948E-4      0.50000
0.0032224       2.7112E-4      0.50000
0.0032240       2.7198E-4      0.50000
0.0032256       2.7284E-4      0.50000
0.0032285       2.7437E-4      0.50000
0.0032287       2.7447E-4      0.50000
0.0032292       2.7474E-4      0.50000
0.0032319       2.7616E-4      0.50000
0.0032330       2.7672E-4      0.50000
0.0032352       2.7782E-4      0.50000
0.0032375       2.7902E-4      0.50000
0.0032383       2.7944E-4      0.50000
0.0032405       2.8055E-4      0.50000
0.0032415       2.8107E-4      0.50000
0.0032418       2.8126E-4      0.50000
0.0032447       2.8271E-4      0.50000
0.0032462       2.8351E-4      0.50000
0.0032479       2.8436E-4      0.50000
0.0032505       2.8569E-4      0.50000
0.0032510       2.8598E-4      0.50000
0.0032526       2.8677E-4      0.50000
0.0032542       2.8758E-4      0.50000
0.0032548       2.8786E-4      0.50000
0.0032574       2.8917E-4      0.50000
0.0032590       2.8998E-4      0.50000
0.0032606       2.9077E-4      0.50000
0.0032632       2.9209E-4      0.50000
0.0032638       2.9238E-4      0.50000
0.0032655       2.9322E-4      0.50000
0.0032669       2.9386E-4      0.50000
0.0032673       2.9408E-4      0.50000
0.0032701       2.9541E-4      0.50000
0.0032716       2.9608E-4      0.50000
0.0032734       2.9694E-4      0.50000
0.0032757       2.9802E-4      0.50000
0.0032765       2.9841E-4      0.50000
0.0032795       2.9981E-4      0.50000
0.0032797       2.9989E-4      0.50000
0.0032798       2.9991E-4      0.50000
0.0032830       3.0138E-4      0.50000
0.0032839       3.0180E-4      0.50000
0.0032862       3.0286E-4      0.50000
0.0032879       3.0363E-4      0.50000
0.0032894       3.0432E-4      0.50000
0.0032919       3.0545E-4      0.50000
0.0032927       3.0577E-4      0.50000
0.0032959       3.0720E-4      0.50000
0.0032959       3.0720E-4      0.50000
0.0032959       3.0720E-4      0.50000
0.0032992       3.0861E-4      0.50000
0.0032999       3.0894E-4      0.50000
0.0033024       3.1001E-4      0.50000
0.0033039       3.1064E-4      0.50000
0.0033057       3.1138E-4      0.50000
0.0033079       3.1229E-4      0.50000
0.0033090       3.1275E-4      0.50000
0.0033118       3.1394E-4      0.50000
0.0033123       3.1411E-4      0.50000
0.0033143       3.1490E-4      0.50000
0.0033155       3.1538E-4      0.50000
0.0033158       3.1548E-4      0.50000
0.0033188       3.1668E-4      0.50000
0.0033197       3.1702E-4      0.50000
0.0033221       3.1796E-4      0.50000
0.0033236       3.1852E-4      0.50000
0.0033254       3.1919E-4      0.50000
0.0033275       3.1997E-4      0.50000
0.0033288       3.2044E-4      0.50000
0.0033315       3.2141E-4      0.50000
0.0033321       3.2165E-4      0.50000
0.0033354       3.2280E-4      0.50000
0.0033354       3.2283E-4      0.50000
0.0033360       3.2304E-4      0.50000
0.0033388       3.2401E-4      0.50000
0.0033392       3.2417E-4      0.50000
0.0033422       3.2518E-4      0.50000
0.0033431       3.2551E-4      0.50000
0.0033455       3.2633E-4      0.50000
0.0033470       3.2682E-4      0.50000
0.0033489       3.2746E-4      0.50000
0.0033508       3.2810E-4      0.50000
0.0033523       3.2858E-4      0.50000
0.0033547       3.2934E-4      0.50000
0.0033557       3.2967E-4      0.50000
0.0033586       3.3055E-4      0.50000
0.0033592       3.3073E-4      0.50000
0.0033624       3.3173E-4      0.50000
0.0033626       3.3177E-4      0.50000
0.0033637       3.3209E-4      0.50000
0.0033660       3.3278E-4      0.50000
0.0033663       3.3286E-4      0.50000
0.0033695       3.3377E-4      0.50000
0.0033701       3.3397E-4      0.50000
0.0033729       3.3474E-4      0.50000
0.0033740       3.3503E-4      0.50000
0.0033763       3.3567E-4      0.50000
0.0033778       3.3607E-4      0.50000
0.0033798       3.3660E-4      0.50000
0.0033817       3.3708E-4      0.50000
0.0033833       3.3750E-4      0.50000
0.0033855       3.3804E-4      0.50000
0.0033868       3.3836E-4      0.50000
0.0033893       3.3898E-4      0.50000
0.0033903       3.3921E-4      0.50000
0.0033932       3.3990E-4      0.50000
0.0033938       3.4004E-4      0.50000
0.0033969       3.4075E-4      0.50000
0.0033972       3.4081E-4      0.50000
0.0034005       3.4154E-4      0.50000
0.0034008       3.4159E-4      0.50000
0.0034008       3.4160E-4      0.50000
0.0034043       3.4233E-4      0.50000
0.0034046       3.4240E-4      0.50000
0.0034077       3.4301E-4      0.50000
0.0034084       3.4314E-4      0.50000
0.0034113       3.4369E-4      0.50000
0.0034123       3.4388E-4      0.50000
0.0034148       3.4435E-4      0.50000
0.0034161       3.4458E-4      0.50000
0.0034183       3.4496E-4      0.50000
0.0034199       3.4524E-4      0.50000
0.0034218       3.4557E-4      0.50000
0.0034237       3.4588E-4      0.50000
0.0034253       3.4614E-4      0.50000
0.0034275       3.4649E-4      0.50000
0.0034288       3.4668E-4      0.50000
0.0034313       3.4706E-4      0.50000
0.0034323       3.4722E-4      0.50000
0.0034352       3.4761E-4      0.50000
0.0034359       3.4772E-4      0.50000
0.0034389       3.4812E-4      0.50000
0.0034395       3.4819E-4      0.50000
0.0034427       3.4860E-4      0.50000
0.0034430       3.4865E-4      0.50000
0.0034465       3.4906E-4      0.50000
0.0034467       3.4908E-4      0.50000
0.0034503       3.4947E-4      0.50000
0.0034503       3.4947E-4      0.50000
0.0034505       3.4949E-4      0.50000
0.0034538       3.4985E-4      0.50000
0.0034540       3.4986E-4      0.50000
0.0034575       3.5020E-4      0.50000
0.0034578       3.5022E-4      0.50000
0.0034611       3.5051E-4      0.50000
0.0034615       3.5054E-4      0.50000
0.0034647       3.5080E-4      0.50000
0.0034652       3.5083E-4      0.50000
0.0034685       3.5107E-4      0.50000
0.0034689       3.5110E-4      0.50000
0.0034721       3.5130E-4      0.50000
0.0034726       3.5133E-4      0.50000
0.0034757       3.5151E-4      0.50000
0.0034763       3.5154E-4      0.50000
0.0034794       3.5169E-4      0.50000
0.0034801       3.5172E-4      0.50000
0.0034831       3.5184E-4      0.50000
0.0034837       3.5186E-4      0.50000
0.0034867       3.5196E-4      0.50000
0.0034874       3.5197E-4      0.50000
0.0034904       3.5205E-4      0.50000
0.0034911       3.5206E-4      0.50000
0.0034941       3.5210E-4      0.50000
0.0034948       3.5211E-4      0.50000
0.0034977       3.5213E-4      0.50000
0.0034985       3.5213E-4      0.50000
0.0035015       3.5214E-4      0.50000
0.0035022       3.5213E-4      0.50000
0.0035052       3.5211E-4      0.50000
0.0035059       3.5210E-4      0.50000
0.0035088       3.5206E-4      0.50000
0.0035095       3.5205E-4      0.50000
0.0035126       3.5198E-4      0.50000
0.0035133       3.5196E-4      0.50000
0.0035162       3.5186E-4      0.50000
0.0035169       3.5184E-4      0.50000
0.0035199       3.5172E-4      0.50000
0.0035206       3.5169E-4      0.50000
0.0035237       3.5155E-4      0.50000
0.0035243       3.5151E-4      0.50000
0.0035274       3.5134E-4      0.50000
0.0035279       3.5130E-4      0.50000
0.0035311       3.5111E-4      0.50000
0.0035316       3.5107E-4      0.50000
0.0035348       3.5084E-4      0.50000
0.0035353       3.5081E-4      0.50000
0.0035385       3.5054E-4      0.50000
0.0035389       3.5051E-4      0.50000
0.0035422       3.5022E-4      0.50000
0.0035425       3.5020E-4      0.50000
0.0035460       3.4987E-4      0.50000
0.0035462       3.4985E-4      0.50000
0.0035497       3.4948E-4      0.50000
0.0035498       3.4948E-4      0.50000
0.0035509       3.4936E-4      0.50000
0.0035534       3.4908E-4      0.50000
0.0035535       3.4907E-4      0.50000
0.0035570       3.4866E-4      0.50000
0.0035573       3.4863E-4      0.50000
0.0035606       3.4820E-4      0.50000
0.0035611       3.4814E-4      0.50000
0.0035641       3.4773E-4      0.50000
0.0035648       3.4764E-4      0.50000
0.0035678       3.4722E-4      0.50000
0.0035687       3.4709E-4      0.50000
0.0035713       3.4669E-4      0.50000
0.0035724       3.4652E-4      0.50000
0.0035748       3.4613E-4      0.50000
0.0035762       3.4591E-4      0.50000
0.0035784       3.4555E-4      0.50000
0.0035801       3.4526E-4      0.50000
0.0035819       3.4493E-4      0.50000
0.0035838       3.4459E-4      0.50000
0.0035853       3.4430E-4      0.50000
0.0035876       3.4387E-4      0.50000
0.0035889       3.4364E-4      0.50000
0.0035915       3.4311E-4      0.50000
0.0035924       3.4293E-4      0.50000
0.0035953       3.4235E-4      0.50000
0.0035958       3.4223E-4      0.50000
0.0035991       3.4153E-4      0.50000
0.0035993       3.4149E-4      0.50000
0.0036014       3.4103E-4      0.50000
0.0036029       3.4070E-4      0.50000
0.0036030       3.4067E-4      0.50000
0.0036063       3.3992E-4      0.50000
0.0036068       3.3981E-4      0.50000
0.0036098       3.3909E-4      0.50000
0.0036106       3.3889E-4      0.50000
0.0036133       3.3823E-4      0.50000
0.0036145       3.3793E-4      0.50000
0.0036167       3.3737E-4      0.50000
0.0036183       3.3697E-4      0.50000
0.0036202       3.3647E-4      0.50000
0.0036221       3.3595E-4      0.50000
0.0036236       3.3555E-4      0.50000
0.0036260       3.3491E-4      0.50000
0.0036271       3.3461E-4      0.50000
0.0036298       3.3385E-4      0.50000
0.0036305       3.3366E-4      0.50000
0.0036337       3.3275E-4      0.50000
0.0036339       3.3268E-4      0.50000
0.0036358       3.3210E-4      0.50000
0.0036373       3.3167E-4      0.50000
0.0036375       3.3162E-4      0.50000
0.0036407       3.3065E-4      0.50000
0.0036414       3.3044E-4      0.50000
0.0036441       3.2960E-4      0.50000
0.0036452       3.2924E-4      0.50000
0.0036475       3.2851E-4      0.50000
0.0036491       3.2800E-4      0.50000
0.0036509       3.2742E-4      0.50000
0.0036530       3.2673E-4      0.50000
0.0036542       3.2630E-4      0.50000
0.0036568       3.2543E-4      0.50000
0.0036576       3.2517E-4      0.50000
0.0036608       3.2408E-4      0.50000
0.0036610       3.2400E-4      0.50000
0.0036623       3.2354E-4      0.50000
0.0036643       3.2283E-4      0.50000
0.0036646       3.2271E-4      0.50000
0.0036676       3.2164E-4      0.50000
0.0036685       3.2131E-4      0.50000
0.0036710       3.2042E-4      0.50000
0.0036725       3.1986E-4      0.50000
0.0036743       3.1918E-4      0.50000
0.0036764       3.1840E-4      0.50000
0.0036776       3.1795E-4      0.50000
0.0036804       3.1688E-4      0.50000
0.0036809       3.1667E-4      0.50000
0.0036839       3.1550E-4      0.50000
0.0036843       3.1535E-4      0.50000
0.0036843       3.1532E-4      0.50000
0.0036875       3.1405E-4      0.50000
0.0036882       3.1375E-4      0.50000
0.0036908       3.1270E-4      0.50000
0.0036922       3.1211E-4      0.50000
0.0036941       3.1133E-4      0.50000
0.0036962       3.1044E-4      0.50000
0.0036974       3.0996E-4      0.50000
0.0037002       3.0874E-4      0.50000
0.0037006       3.0855E-4      0.50000
0.0037026       3.0770E-4      0.50000
0.0037039       3.0712E-4      0.50000
0.0037042       3.0699E-4      0.50000
0.0037072       3.0567E-4      0.50000
0.0037082       3.0522E-4      0.50000
0.0037105       3.0421E-4      0.50000
0.0037123       3.0340E-4      0.50000
0.0037137       3.0274E-4      0.50000
0.0037163       3.0156E-4      0.50000
0.0037170       3.0124E-4      0.50000
0.0037198       2.9995E-4      0.50000
0.0037203       2.9971E-4      0.50000
0.0037205       2.9964E-4      0.50000
0.0037235       2.9819E-4      0.50000
0.0037245       2.9773E-4      0.50000
0.0037267       2.9669E-4      0.50000
0.0037287       2.9577E-4      0.50000
0.0037300       2.9516E-4      0.50000
0.0037329       2.9377E-4      0.50000
0.0037333       2.9359E-4      0.50000
0.0037344       2.9305E-4      0.50000
0.0037364       2.9207E-4      0.50000
0.0037370       2.9175E-4      0.50000
0.0037396       2.9045E-4      0.50000
0.0037413       2.8963E-4      0.50000
0.0037428       2.8884E-4      0.50000
0.0037455       2.8751E-4      0.50000
0.0037460       2.8724E-4      0.50000
0.0037475       2.8648E-4      0.50000
0.0037492       2.8564E-4      0.50000
0.0037498       2.8533E-4      0.50000
0.0037524       2.8399E-4      0.50000
0.0037541       2.8311E-4      0.50000
0.0037556       2.8230E-4      0.50000
0.0037585       2.8083E-4      0.50000
0.0037588       2.8062E-4      0.50000
0.0037599       2.8008E-4      0.50000
0.0037620       2.7897E-4      0.50000
0.0037628       2.7855E-4      0.50000
0.0037652       2.7733E-4      0.50000
0.0037673       2.7621E-4      0.50000
0.0037684       2.7565E-4      0.50000
0.0037710       2.7428E-4      0.50000
0.0037716       2.7395E-4      0.50000
0.0037719       2.7382E-4      0.50000
0.0037747       2.7230E-4      0.50000
0.0037764       2.7140E-4      0.50000
0.0037779       2.7057E-4      0.50000
0.0037810       2.6887E-4      0.50000
0.0037811       2.6886E-4      0.50000
0.0037811       2.6884E-4      0.50000
0.0037843       2.6712E-4      0.50000
0.0037858       2.6631E-4      0.50000
0.0037874       2.6545E-4      0.50000
0.0037901       2.6402E-4      0.50000
0.0037905       2.6380E-4      0.50000
0.0037908       2.6366E-4      0.50000
0.0037936       2.6214E-4      0.50000
0.0037958       2.6095E-4      0.50000
0.0037967       2.6045E-4      0.50000
0.0037981       2.5968E-4      0.50000
0.0037997       2.5877E-4      0.50000
0.0038008       2.5818E-4      0.50000
0.0038028       2.5709E-4      0.50000
0.0038056       2.5569E-4      0.50000
0.0038058       2.5555E-4      0.50000
0.0038061       2.5543E-4      0.50000
0.0038089       2.5399E-4      0.50000
0.0038114       2.5267E-4      0.50000
0.0038119       2.5240E-4      0.50000
0.0038126       2.5203E-4      0.50000
0.0038150       2.5080E-4      0.50000
0.0038167       2.4983E-4      0.50000
0.0038179       2.4914E-4      0.50000
0.0038196       2.4829E-4      0.50000
0.0038210       2.4755E-4      0.50000
0.0038221       2.4697E-4      0.50000
0.0038240       2.4600E-4      0.50000
0.0038261       2.4503E-4      0.50000
0.0038271       2.4454E-4      0.50000
0.0038280       2.4409E-4      0.50000
0.0038301       2.4308E-4      0.50000
0.0038325       2.4188E-4      0.50000
0.0038333       2.4152E-4      0.50000
0.0038340       2.4116E-4      0.50000
0.0038364       2.3991E-4      0.50000
0.0038390       2.3857E-4      0.50000
0.0038394       2.3836E-4      0.50000
0.0038398       2.3816E-4      0.50000
0.0038425       2.3679E-4      0.50000
0.0038450       2.3564E-4      0.50000
0.0038456       2.3533E-4      0.50000
0.0038463       2.3501E-4      0.50000
0.0038489       2.3381E-4      0.50000
0.0038505       2.3311E-4      0.50000
0.0038517       2.3259E-4      0.50000
0.0038541       2.3143E-4      0.50000
0.0038544       2.3132E-4      0.50000
0.0038545       2.3125E-4      0.50000
0.0038573       2.2998E-4      0.50000
0.0038593       2.2906E-4      0.50000
0.0038602       2.2866E-4      0.50000
0.0038631       2.2746E-4      0.50000
0.0038632       2.2739E-4      0.50000
0.0038638       2.2715E-4      0.50000
0.0038660       2.2626E-4      0.50000
0.0038667       2.2597E-4      0.50000
0.0038693       2.2492E-4      0.50000
0.0038714       2.2404E-4      0.50000
0.0038726       2.2356E-4      0.50000
0.0038754       2.2236E-4      0.50000
0.0038759       2.2217E-4      0.50000
0.0038760       2.2209E-4      0.50000
0.0038792       2.2082E-4      0.50000
0.0038803       2.2039E-4      0.50000
0.0038827       2.1944E-4      0.50000
0.0038845       2.1877E-4      0.50000
0.0038861       2.1817E-4      0.50000
0.0038887       2.1720E-4      0.50000
0.0038895       2.1695E-4      0.50000
0.0038920       2.1605E-4      0.50000
0.0038928       2.1574E-4      0.50000
0.0038931       2.1566E-4      0.50000
0.0038962       2.1459E-4      0.50000
0.0038974       2.1418E-4      0.50000
0.0038996       2.1342E-4      0.50000
0.0039018       2.1271E-4      0.50000
0.0039030       2.1233E-4      0.50000
0.0039063       2.1132E-4      0.50000
0.0039064       2.1131E-4      0.50000
0.0039065       2.1128E-4      0.50000
0.0039098       2.1033E-4      0.50000
0.0039110       2.0998E-4      0.50000
0.0039132       2.0934E-4      0.50000
0.0039156       2.0864E-4      0.50000
0.0039166       2.0836E-4      0.50000
0.0039192       2.0768E-4      0.50000
0.0039200       2.0747E-4      0.50000
0.0039204       2.0738E-4      0.50000
0.0039235       2.0660E-4      0.50000
0.0039253       2.0619E-4      0.50000
0.0039269       2.0581E-4      0.50000
0.0039303       2.0506E-4      0.50000
0.0039304       2.0505E-4      0.50000
0.0039304       2.0503E-4      0.50000
0.0039338       2.0431E-4      0.50000
0.0039355       2.0397E-4      0.50000
0.0039373       2.0361E-4      0.50000
0.0039407       2.0294E-4      0.50000
0.0039408       2.0294E-4      0.50000
0.0039408       2.0293E-4      0.50000
0.0039442       2.0231E-4      0.50000
0.0039461       2.0196E-4      0.50000
0.0039477       2.0166E-4      0.50000
0.0039506       2.0122E-4      0.50000
0.0039512       2.0113E-4      0.50000
0.0039516       2.0107E-4      0.50000
0.0039547       2.0061E-4      0.50000
0.0039573       2.0031E-4      0.50000
0.0039581       2.0019E-4      0.50000
0.0039595       2.0004E-4      0.50000
0.0039616       1.9975E-4      0.50000
0.0039630       1.9958E-4      0.50000
0.0039651       1.9934E-4      0.50000
0.0039680       1.9905E-4      0.50000
0.0039686       1.9899E-4      0.50000
0.0039690       1.9896E-4      0.50000
0.0039721       1.9867E-4      0.50000
0.0039751       1.9841E-4      0.50000
0.0039756       1.9836E-4      0.50000
0.0039762       1.9831E-4      0.50000
0.0039791       1.9811E-4      0.50000
0.0039813       1.9796E-4      0.50000
0.0039826       1.9791E-4      0.50000
0.0039840       1.9785E-4      0.50000
0.0039860       1.9775E-4      0.50000
0.0039878       1.9767E-4      0.50000
0.0039895       1.9761E-4      0.50000
0.0039914       1.9757E-4      0.50000
0.0039930       1.9755E-4      0.50000
0.0039946       1.9752E-4      0.50000
0.0039965       1.9749E-4      0.50000
0.0039986       1.9745E-4      0.50000
0.0040000       1.9745E-4      0.50000
