0.0030000       2.4183E-4      0.50000
0.0030025       2.4205E-4      0.50000
0.0030035       2.4215E-4      0.50000
0.0030048       2.4228E-4      0.50000
0.0030070       2.4248E-4      0.50000
0.0030086       2.4263E-4      0.50000
0.0030105       2.4284E-4      0.50000
0.0030133       2.4316E-4      0.50000
0.0030140       2.4325E-4      0.50000
0.0030144       2.4332E-4      0.50000
0.0030175       2.4372E-4      0.50000
0.0030201       2.4411E-4      0.50000
0.0030209       2.4423E-4      0.50000
0.0030223       2.4443E-4      0.50000
0.0030244       2.4474E-4      0.50000
0.0030257       2.4496E-4      0.50000
0.0030279       2.4533E-4      0.50000
0.0030311       2.4594E-4      0.50000
0.0030314       2.4600E-4      0.50000
0.0030320       2.4611E-4      0.50000
0.0030349       2.4657E-4      0.50000
0.0030365       2.4689E-4      0.50000
0.0030384       2.4727E-4      0.50000
0.0030418       2.4789E-4      0.50000
0.0030419       2.4790E-4      0.50000
0.0030420       2.4792E-4      0.50000
0.0030454       2.4869E-4      0.50000
0.0030469       2.4905E-4      0.50000
0.0030489       2.4950E-4      0.50000
0.0030520       2.5023E-4      0.50000
0.0030523       2.5032E-4      0.50000
0.0030532       2.5053E-4      0.50000
0.0030558       2.5115E-4      0.50000
0.0030569       2.5144E-4      0.50000
0.0030593       2.5205E-4      0.50000
0.0030618       2.5274E-4      0.50000
0.0030628       2.5301E-4      0.50000
0.0030653       2.5368E-4      0.50000
0.0030663       2.5390E-4      0.50000
0.0030666       2.5401E-4      0.50000
0.0030697       2.5487E-4      0.50000
0.0030714       2.5533E-4      0.50000
0.0030732       2.5584E-4      0.50000
0.0030761       2.5669E-4      0.50000
0.0030767       2.5684E-4      0.50000
0.0030783       2.5732E-4      0.50000
0.0030802       2.5790E-4      0.50000
0.0030808       2.5809E-4      0.50000
0.0030836       2.5897E-4      0.50000
0.0030853       2.5952E-4      0.50000
0.0030871       2.6010E-4      0.50000
0.0030898       2.6099E-4      0.50000
0.0030905       2.6123E-4      0.50000
0.0030929       2.6202E-4      0.50000
0.0030940       2.6237E-4      0.50000
0.0030943       2.6247E-4      0.50000
0.0030974       2.6354E-4      0.50000
0.0030987       2.6399E-4      0.50000
0.0031009       2.6475E-4      0.50000
0.0031030       2.6554E-4      0.50000
0.0031043       2.6600E-4      0.50000
0.0031074       2.6708E-4      0.50000
0.0031078       2.6722E-4      0.50000
0.0031094       2.6782E-4      0.50000
0.0031112       2.6848E-4      0.50000
0.0031117       2.6865E-4      0.50000
0.0031147       2.6974E-4      0.50000
0.0031160       2.7024E-4      0.50000
0.0031181       2.7098E-4      0.50000
0.0031204       2.7186E-4      0.50000
0.0031215       2.7228E-4      0.50000
0.0031247       2.7347E-4      0.50000
0.0031249       2.7354E-4      0.50000
0.0031256       2.7380E-4      0.50000
0.0031283       2.7487E-4      0.50000
0.0031290       2.7516E-4      0.50000
0.0031317       2.7623E-4      0.50000
0.0031332       2.7687E-4      0.50000
0.0031351       2.7760E-4      0.50000
0.0031375       2.7857E-4      0.50000
0.0031385       2.7901E-4      0.50000
0.0031416       2.8027E-4      0.50000
0.0031420       2.8040E-4      0.50000
0.0031435       2.8104E-4      0.50000
0.0031454       2.8180E-4      0.50000
0.0031458       2.8197E-4      0.50000
0.0031487       2.8318E-4      0.50000
0.0031497       2.8358E-4      0.50000
0.0031520       2.8456E-4      0.50000
0.0031536       2.8521E-4      0.50000
0.0031553       2.8596E-4      0.50000
0.0031575       2.8687E-4      0.50000
0.0031579       2.8703E-4      0.50000
0.0031605       2.8816E-4      0.50000
0.0031610       2.8836E-4      0.50000
0.0031636       2.8945E-4      0.50000
0.0031642       2.8968E-4      0.50000
0.0031659       2.9044E-4      0.50000
0.0031668       2.9079E-4      0.50000
0.0031683       2.9142E-4      0.50000
0.0031706       2.9240E-4      0.50000
0.0031707       2.9242E-4      0.50000
0.0031707       2.9245E-4      0.50000
0.0031731       2.9345E-4      0.50000
0.0031741       2.9389E-4      0.50000
0.0031758       2.9461E-4      0.50000
0.0031779       2.9551E-4      0.50000
0.0031783       2.9567E-4      0.50000
0.0031791       2.9600E-4      0.50000
0.0031808       2.9675E-4      0.50000
0.0031826       2.9748E-4      0.50000
0.0031838       2.9802E-4      0.50000
0.0031845       2.9836E-4      0.50000
0.0031867       2.9931E-4      0.50000
0.0031894       3.0048E-4      0.50000
0.0031897       3.0062E-4      0.50000
0.0031903       3.0088E-4      0.50000
0.0031927       3.0188E-4      0.50000
0.0031936       3.0229E-4      0.50000
0.0031956       3.0316E-4      0.50000
0.0031977       3.0408E-4      0.50000
0.0031986       3.0448E-4      0.50000
0.0032009       3.0546E-4      0.50000
0.0032018       3.0581E-4      0.50000
0.0032022       3.0599E-4      0.50000
0.0032050       3.0718E-4      0.50000
0.0032066       3.0783E-4      0.50000
0.0032082       3.0851E-4      0.50000
0.0032112       3.0979E-4      0.50000
0.0032115       3.0988E-4      0.50000
0.0032119       3.1007E-4      0.50000
0.0032147       3.1127E-4      0.50000
0.0032160       3.1182E-4      0.50000
0.0032180       3.1263E-4      0.50000
0.0032208       3.1383E-4      0.50000
0.0032212       3.1400E-4      0.50000
0.0032219       3.1430E-4      0.50000
0.0032244       3.1534E-4      0.50000
0.0032257       3.1589E-4      0.50000
0.0032277       3.1674E-4      0.50000
0.0032308       3.1802E-4      0.50000
0.0032311       3.1814E-4      0.50000
0.0032316       3.1834E-4      0.50000
0.0032344       3.1946E-4      0.50000
0.0032360       3.2010E-4      0.50000
0.0032377       3.2076E-4      0.50000
0.0032401       3.2174E-4      0.50000
0.0032415       3.2233E-4      0.50000
0.0032428       3.2288E-4      0.50000
0.0032453       3.2388E-4      0.50000
0.0032477       3.2481E-4      0.50000
0.0032491       3.2533E-4      0.50000
0.0032498       3.2564E-4      0.50000
0.0032529       3.2685E-4      0.50000
0.0032540       3.2732E-4      0.50000
0.0032568       3.2838E-4      0.50000
0.0032583       3.2898E-4      0.50000
0.0032607       3.2989E-4      0.50000
0.0032627       3.3067E-4      0.50000
0.0032641       3.3121E-4      0.50000
0.0032672       3.3238E-4      0.50000
0.0032675       3.3252E-4      0.50000
0.0032688       3.3300E-4      0.50000
0.0032710       3.3381E-4      0.50000
0.0032717       3.3407E-4      0.50000
0.0032744       3.3501E-4      0.50000
0.0032763       3.3572E-4      0.50000
0.0032777       3.3625E-4      0.50000
0.0032808       3.3732E-4      0.50000
0.0032811       3.3741E-4      0.50000
0.0032820       3.3773E-4      0.50000
0.0032846       3.3866E-4      0.50000
0.0032853       3.3891E-4      0.50000
0.0032880       3.3989E-4      0.50000
0.0032897       3.4049E-4      0.50000
0.0032915       3.4111E-4      0.50000
0.0032941       3.4200E-4      0.50000
0.0032950       3.4232E-4      0.50000
0.0032984       3.4346E-4      0.50000
0.0032985       3.4349E-4      0.50000
0.0032989       3.4360E-4      0.50000
0.0033020       3.4465E-4      0.50000
0.0033028       3.4491E-4      0.50000
0.0033055       3.4580E-4      0.50000
0.0033071       3.4633E-4      0.50000
0.0033091       3.4695E-4      0.50000
0.0033115       3.4774E-4      0.50000
0.0033126       3.4809E-4      0.50000
0.0033159       3.4910E-4      0.50000
0.0033161       3.4918E-4      0.50000
0.0033172       3.4951E-4      0.50000
0.0033197       3.5027E-4      0.50000
0.0033203       3.5045E-4      0.50000
0.0033233       3.5134E-4      0.50000
0.0033248       3.5178E-4      0.50000
0.0033269       3.5237E-4      0.50000
0.0033293       3.5305E-4      0.50000
0.0033306       3.5343E-4      0.50000
0.0033340       3.5434E-4      0.50000
0.0033343       3.5444E-4      0.50000
0.0033358       3.5486E-4      0.50000
0.0033380       3.5545E-4      0.50000
0.0033384       3.5557E-4      0.50000
0.0033416       3.5646E-4      0.50000
0.0033428       3.5678E-4      0.50000
0.0033454       3.5746E-4      0.50000
0.0033473       3.5795E-4      0.50000
0.0033491       3.5843E-4      0.50000
0.0033518       3.5910E-4      0.50000
0.0033529       3.5938E-4      0.50000
0.0033563       3.6022E-4      0.50000
0.0033566       3.6030E-4      0.50000
0.0033582       3.6068E-4      0.50000
0.0033604       3.6121E-4      0.50000
0.0033609       3.6132E-4      0.50000
0.0033643       3.6210E-4      0.50000
0.0033655       3.6240E-4      0.50000
0.0033681       3.6299E-4      0.50000
0.0033700       3.6341E-4      0.50000
0.0033719       3.6383E-4      0.50000
0.0033742       3.6434E-4      0.50000
0.0033757       3.6466E-4      0.50000
0.0033785       3.6525E-4      0.50000
0.0033795       3.6547E-4      0.50000
0.0033827       3.6610E-4      0.50000
0.0033832       3.6619E-4      0.50000
0.0033869       3.6692E-4      0.50000
0.0033869       3.6692E-4      0.50000
0.0033869       3.6692E-4      0.50000
0.0033906       3.6761E-4      0.50000
0.0033912       3.6771E-4      0.50000
0.0033943       3.6826E-4      0.50000
0.0033954       3.6845E-4      0.50000
0.0033981       3.6893E-4      0.50000
0.0033997       3.6920E-4      0.50000
0.0034018       3.6955E-4      0.50000
0.0034040       3.6990E-4      0.50000
0.0034056       3.7014E-4      0.50000
0.0034082       3.7056E-4      0.50000
0.0034094       3.7075E-4      0.50000
0.0034125       3.7121E-4      0.50000
0.0034135       3.7135E-4      0.50000
0.0034168       3.7181E-4      0.50000
0.0034172       3.7186E-4      0.50000
0.0034196       3.7219E-4      0.50000
0.0034208       3.7236E-4      0.50000
0.0034210       3.7239E-4      0.50000
0.0034243       3.7281E-4      0.50000
0.0034253       3.7293E-4      0.50000
0.0034279       3.7327E-4      0.50000
0.0034294       3.7345E-4      0.50000
0.0034315       3.7372E-4      0.50000
0.0034335       3.7394E-4      0.50000
0.0034352       3.7413E-4      0.50000
0.0034376       3.7439E-4      0.50000
0.0034390       3.7454E-4      0.50000
0.0034417       3.7481E-4      0.50000
0.0034428       3.7492E-4      0.50000
0.0034458       3.7520E-4      0.50000
0.0034466       3.7527E-4      0.50000
0.0034498       3.7555E-4      0.50000
0.0034505       3.7561E-4      0.50000
0.0034539       3.7588E-4      0.50000
0.0034545       3.7592E-4      0.50000
0.0034579       3.7618E-4      0.50000
0.0034584       3.7621E-4      0.50000
0.0034620       3.7644E-4      0.50000
0.0034624       3.7647E-4      0.50000
0.0034660       3.7668E-4      0.50000
0.0034664       3.7671E-4      0.50000
0.0034700       3.7690E-4      0.50000
0.0034703       3.7692E-4      0.50000
0.0034740       3.7708E-4      0.50000
0.0034743       3.7709E-4      0.50000
0.0034780       3.7723E-4      0.50000
0.0034783       3.7725E-4      0.50000
0.0034820       3.7737E-4      0.50000
0.0034822       3.7737E-4      0.50000
0.0034859       3.7746E-4      0.50000
0.0034862       3.7747E-4      0.50000
0.0034899       3.7754E-4      0.50000
0.0034901       3.7754E-4      0.50000
0.0034939       3.7758E-4      0.50000
0.0034941       3.7759E-4      0.50000
0.0034979       3.7760E-4      0.50000
0.0034980       3.7760E-4      0.50000
0.0035018       3.7759E-4      0.50000
0.0035020       3.7759E-4      0.50000
0.0035058       3.7756E-4      0.50000
0.0035059       3.7756E-4      0.50000
0.0035098       3.7749E-4      0.50000
0.0035099       3.7749E-4      0.50000
0.0035138       3.7740E-4      0.50000
0.0035139       3.7740E-4      0.50000
0.0035177       3.7728E-4      0.50000
0.0035178       3.7728E-4      0.50000
0.0035217       3.7714E-4      0.50000
0.0035218       3.7713E-4      0.50000
0.0035257       3.7696E-4      0.50000
0.0035258       3.7696E-4      0.50000
0.0035297       3.7676E-4      0.50000
0.0035297       3.7676E-4      0.50000
0.0035337       3.7653E-4      0.50000
0.0035338       3.7652E-4      0.50000
0.0035376       3.7627E-4      0.50000
0.0035378       3.7626E-4      0.50000
0.0035416       3.7599E-4      0.50000
0.0035417       3.7598E-4      0.50000
0.0035456       3.7567E-4      0.50000
0.0035458       3.7565E-4      0.50000
0.0035495       3.7533E-4      0.50000
0.0035498       3.7531E-4      0.50000
0.0035535       3.7496E-4      0.50000
0.0035538       3.7493E-4      0.50000
0.0035574       3.7458E-4      0.50000
0.0035579       3.7452E-4      0.50000
0.0035612       3.7416E-4      0.50000
0.0035619       3.7409E-4      0.50000
0.0035651       3.7372E-4      0.50000
0.0035658       3.7363E-4      0.50000
0.0035689       3.7325E-4      0.50000
0.0035698       3.7314E-4      0.50000
0.0035727       3.7276E-4      0.50000
0.0035737       3.7262E-4      0.50000
0.0035766       3.7224E-4      0.50000
0.0035776       3.7210E-4      0.50000
0.0035804       3.7171E-4      0.50000
0.0035816       3.7152E-4      0.50000
0.0035840       3.7115E-4      0.50000
0.0035856       3.7091E-4      0.50000
0.0035877       3.7057E-4      0.50000
0.0035900       3.7021E-4      0.50000
0.0035913       3.6998E-4      0.50000
0.0035945       3.6943E-4      0.50000
0.0035950       3.6934E-4      0.50000
0.0035973       3.6893E-4      0.50000
0.0035986       3.6869E-4      0.50000
0.0035990       3.6863E-4      0.50000
0.0036025       3.6801E-4      0.50000
0.0036037       3.6779E-4      0.50000
0.0036063       3.6728E-4      0.50000
0.0036081       3.6696E-4      0.50000
0.0036101       3.6656E-4      0.50000
0.0036125       3.6607E-4      0.50000
0.0036137       3.6583E-4      0.50000
0.0036169       3.6516E-4      0.50000
0.0036173       3.6506E-4      0.50000
0.0036202       3.6445E-4      0.50000
0.0036209       3.6429E-4      0.50000
0.0036210       3.6426E-4      0.50000
0.0036245       3.6348E-4      0.50000
0.0036250       3.6336E-4      0.50000
0.0036280       3.6264E-4      0.50000
0.0036289       3.6244E-4      0.50000
0.0036316       3.6178E-4      0.50000
0.0036330       3.6145E-4      0.50000
0.0036354       3.6084E-4      0.50000
0.0036371       3.6041E-4      0.50000
0.0036392       3.5987E-4      0.50000
0.0036412       3.5934E-4      0.50000
0.0036429       3.5889E-4      0.50000
0.0036455       3.5820E-4      0.50000
0.0036466       3.5789E-4      0.50000
0.0036498       3.5699E-4      0.50000
0.0036503       3.5687E-4      0.50000
0.0036528       3.5614E-4      0.50000
0.0036539       3.5582E-4      0.50000
0.0036541       3.5577E-4      0.50000
0.0036575       3.5478E-4      0.50000
0.0036585       3.5449E-4      0.50000
0.0036611       3.5370E-4      0.50000
0.0036628       3.5318E-4      0.50000
0.0036647       3.5258E-4      0.50000
0.0036670       3.5185E-4      0.50000
0.0036682       3.5147E-4      0.50000
0.0036713       3.5047E-4      0.50000
0.0036718       3.5032E-4      0.50000
0.0036742       3.4951E-4      0.50000
0.0036753       3.4915E-4      0.50000
0.0036756       3.4907E-4      0.50000
0.0036790       3.4795E-4      0.50000
0.0036799       3.4765E-4      0.50000
0.0036826       3.4671E-4      0.50000
0.0036842       3.4618E-4      0.50000
0.0036862       3.4547E-4      0.50000
0.0036886       3.4461E-4      0.50000
0.0036898       3.4417E-4      0.50000
0.0036932       3.4296E-4      0.50000
0.0036935       3.4283E-4      0.50000
0.0036949       3.4232E-4      0.50000
0.0036971       3.4154E-4      0.50000
0.0036976       3.4135E-4      0.50000
0.0037007       3.4014E-4      0.50000
0.0037021       3.3959E-4      0.50000
0.0037044       3.3871E-4      0.50000
0.0037066       3.3782E-4      0.50000
0.0037080       3.3729E-4      0.50000
0.0037111       3.3606E-4      0.50000
0.0037116       3.3584E-4      0.50000
0.0037139       3.3491E-4      0.50000
0.0037152       3.3438E-4      0.50000
0.0037155       3.3425E-4      0.50000
0.0037188       3.3288E-4      0.50000
0.0037198       3.3244E-4      0.50000
0.0037224       3.3136E-4      0.50000
0.0037242       3.3060E-4      0.50000
0.0037260       3.2982E-4      0.50000
0.0037284       3.2874E-4      0.50000
0.0037296       3.2824E-4      0.50000
0.0037326       3.2690E-4      0.50000
0.0037333       3.2661E-4      0.50000
0.0037367       3.2505E-4      0.50000
0.0037369       3.2496E-4      0.50000
0.0037370       3.2494E-4      0.50000
0.0037406       3.2330E-4      0.50000
0.0037414       3.2294E-4      0.50000
0.0037450       3.2131E-4      0.50000
0.0037461       3.2079E-4      0.50000
0.0037489       3.1952E-4      0.50000
0.0037508       3.1864E-4      0.50000
0.0037525       3.1783E-4      0.50000
0.0037558       3.1627E-4      0.50000
0.0037559       3.1624E-4      0.50000
0.0037559       3.1620E-4      0.50000
0.0037592       3.1462E-4      0.50000
0.0037610       3.1375E-4      0.50000
0.0037626       3.1299E-4      0.50000
0.0037656       3.1154E-4      0.50000
0.0037658       3.1140E-4      0.50000
0.0037666       3.1104E-4      0.50000
0.0037691       3.0979E-4      0.50000
0.0037701       3.0929E-4      0.50000
0.0037724       3.0814E-4      0.50000
0.0037744       3.0714E-4      0.50000
0.0037754       3.0662E-4      0.50000
0.0037784       3.0511E-4      0.50000
0.0037786       3.0502E-4      0.50000
0.0037787       3.0498E-4      0.50000
0.0037818       3.0343E-4      0.50000
0.0037829       3.0292E-4      0.50000
0.0037848       3.0198E-4      0.50000
0.0037866       3.0106E-4      0.50000
0.0037881       3.0029E-4      0.50000
0.0037912       2.9873E-4      0.50000
0.0037917       2.9842E-4      0.50000
0.0037943       2.9713E-4      0.50000
0.0037948       2.9688E-4      0.50000
0.0037972       2.9568E-4      0.50000
0.0037983       2.9516E-4      0.50000
0.0038001       2.9427E-4      0.50000
0.0038017       2.9342E-4      0.50000
0.0038029       2.9283E-4      0.50000
0.0038041       2.9217E-4      0.50000
0.0038053       2.9153E-4      0.50000
0.0038065       2.9089E-4      0.50000
0.0038081       2.9004E-4      0.50000
0.0038102       2.8899E-4      0.50000
0.0038110       2.8860E-4      0.50000
0.0038117       2.8829E-4      0.50000
0.0038139       2.8722E-4      0.50000
0.0038167       2.8594E-4      0.50000
0.0038169       2.8583E-4      0.50000
0.0038171       2.8574E-4      0.50000
0.0038198       2.8438E-4      0.50000
0.0038221       2.8317E-4      0.50000
0.0038227       2.8286E-4      0.50000
0.0038236       2.8244E-4      0.50000
0.0038257       2.8133E-4      0.50000
0.0038274       2.8050E-4      0.50000
0.0038287       2.7985E-4      0.50000
0.0038303       2.7907E-4      0.50000
0.0038317       2.7844E-4      0.50000
0.0038330       2.7782E-4      0.50000
0.0038354       2.7677E-4      0.50000
0.0038386       2.7528E-4      0.50000
0.0038392       2.7502E-4      0.50000
0.0038396       2.7483E-4      0.50000
0.0038424       2.7347E-4      0.50000
0.0038444       2.7253E-4      0.50000
0.0038454       2.7209E-4      0.50000
0.0038484       2.7077E-4      0.50000
0.0038494       2.7030E-4      0.50000
0.0038522       2.6909E-4      0.50000
0.0038535       2.6856E-4      0.50000
0.0038554       2.6775E-4      0.50000
0.0038573       2.6692E-4      0.50000
0.0038587       2.6633E-4      0.50000
0.0038615       2.6516E-4      0.50000
0.0038621       2.6492E-4      0.50000
0.0038642       2.6405E-4      0.50000
0.0038654       2.6354E-4      0.50000
0.0038657       2.6342E-4      0.50000
0.0038688       2.6222E-4      0.50000
0.0038700       2.6174E-4      0.50000
0.0038721       2.6093E-4      0.50000
0.0038743       2.6010E-4      0.50000
0.0038755       2.5967E-4      0.50000
0.0038787       2.5852E-4      0.50000
0.0038789       2.5846E-4      0.50000
0.0038795       2.5824E-4      0.50000
0.0038823       2.5727E-4      0.50000
0.0038831       2.5698E-4      0.50000
0.0038856       2.5612E-4      0.50000
0.0038876       2.5548E-4      0.50000
0.0038891       2.5502E-4      0.50000
0.0038921       2.5405E-4      0.50000
0.0038925       2.5395E-4      0.50000
0.0038933       2.5372E-4      0.50000
0.0038959       2.5296E-4      0.50000
0.0038968       2.5267E-4      0.50000
0.0038993       2.5193E-4      0.50000
0.0039015       2.5130E-4      0.50000
0.0039027       2.5095E-4      0.50000
0.0039058       2.5013E-4      0.50000
0.0039061       2.5004E-4      0.50000
0.0039063       2.5000E-4      0.50000
0.0039096       2.4917E-4      0.50000
0.0039112       2.4877E-4      0.50000
0.0039130       2.4832E-4      0.50000
0.0039161       2.4757E-4      0.50000
0.0039165       2.4749E-4      0.50000
0.0039172       2.4735E-4      0.50000
0.0039199       2.4681E-4      0.50000
0.0039213       2.4651E-4      0.50000
0.0039234       2.4609E-4      0.50000
0.0039266       2.4554E-4      0.50000
0.0039268       2.4550E-4      0.50000
0.0039272       2.4544E-4      0.50000
0.0039303       2.4485E-4      0.50000
0.0039320       2.4457E-4      0.50000
0.0039338       2.4428E-4      0.50000
0.0039368       2.4384E-4      0.50000
0.0039372       2.4378E-4      0.50000
0.0039375       2.4373E-4      0.50000
0.0039407       2.4330E-4      0.50000
0.0039432       2.4297E-4      0.50000
0.0039442       2.4284E-4      0.50000
0.0039457       2.4265E-4      0.50000
0.0039477       2.4243E-4      0.50000
0.0039491       2.4228E-4      0.50000
0.0039512       2.4211E-4      0.50000
0.0039539       2.4189E-4      0.50000
0.0039546       2.4183E-4      0.50000
0.0039552       2.4178E-4      0.50000
0.0039581       2.4159E-4      0.50000
0.0039615       2.4139E-4      0.50000
0.0039616       2.4138E-4      0.50000
0.0039617       2.4138E-4      0.50000
0.0039651       2.4123E-4      0.50000
0.0039680       2.4106E-4      0.50000
0.0039686       2.4104E-4      0.50000
0.0039693       2.4103E-4      0.50000
0.0039721       2.4103E-4      0.50000
0.0039748       2.4099E-4      0.50000
0.0039756       2.4098E-4      0.50000
0.0039763       2.4100E-4      0.50000
0.0039791       2.4103E-4      0.50000
0.0039819       2.4105E-4      0.50000
0.0039825       2.4104E-4      0.50000
0.0039832       2.4107E-4      0.50000
0.0039860       2.4115E-4      0.50000
0.0039891       2.4120E-4      0.50000
0.0039895       2.4121E-4      0.50000
0.0039899       2.4123E-4      0.50000
0.0039930       2.4147E-4      0.50000
0.0039962       2.4167E-4      0.50000
0.0039965       2.4170E-4      0.50000
0.0039970       2.4172E-4      0.50000
0.0040000       2.4197E-4      0.50000
