0.0030000       2.9647E-4      0.50000
0.0030030       2.9668E-4      0.50000
0.0030035       2.9671E-4      0.50000
0.0030039       2.9675E-4      0.50000
0.0030070       2.9699E-4      0.50000
0.0030100       2.9730E-4      0.50000
0.0030105       2.9735E-4      0.50000
0.0030111       2.9739E-4      0.50000
0.0030140       2.9756E-4      0.50000
0.0030162       2.9778E-4      0.50000
0.0030175       2.9790E-4      0.50000
0.0030191       2.9801E-4      0.50000
0.0030209       2.9817E-4      0.50000
0.0030223       2.9832E-4      0.50000
0.0030244       2.9859E-4      0.50000
0.0030276       2.9892E-4      0.50000
0.0030279       2.9896E-4      0.50000
0.0030282       2.9900E-4      0.50000
0.0030314       2.9938E-4      0.50000
0.0030340       2.9969E-4      0.50000
0.0030349       2.9981E-4      0.50000
0.0030363       2.9997E-4      0.50000
0.0030384       3.0023E-4      0.50000
0.0030399       3.0039E-4      0.50000
0.0030419       3.0065E-4      0.50000
0.0030450       3.0105E-4      0.50000
0.0030454       3.0110E-4      0.50000
0.0030456       3.0114E-4      0.50000
0.0030489       3.0160E-4      0.50000
0.0030513       3.0196E-4      0.50000
0.0030524       3.0212E-4      0.50000
0.0030542       3.0238E-4      0.50000
0.0030558       3.0262E-4      0.50000
0.0030569       3.0279E-4      0.50000
0.0030593       3.0318E-4      0.50000
0.0030623       3.0371E-4      0.50000
0.0030628       3.0380E-4      0.50000
0.0030636       3.0392E-4      0.50000
0.0030663       3.0428E-4      0.50000
0.0030679       3.0456E-4      0.50000
0.0030698       3.0488E-4      0.50000
0.0030729       3.0533E-4      0.50000
0.0030733       3.0538E-4      0.50000
0.0030735       3.0542E-4      0.50000
0.0030768       3.0605E-4      0.50000
0.0030788       3.0642E-4      0.50000
0.0030803       3.0670E-4      0.50000
0.0030830       3.0718E-4      0.50000
0.0030838       3.0733E-4      0.50000
0.0030842       3.0741E-4      0.50000
0.0030872       3.0799E-4      0.50000
0.0030894       3.0843E-4      0.50000
0.0030907       3.0869E-4      0.50000
0.0030933       3.0924E-4      0.50000
0.0030942       3.0940E-4      0.50000
0.0030947       3.0949E-4      0.50000
0.0030977       3.1002E-4      0.50000
0.0031000       3.1049E-4      0.50000
0.0031012       3.1075E-4      0.50000
0.0031035       3.1116E-4      0.50000
0.0031047       3.1138E-4      0.50000
0.0031052       3.1151E-4      0.50000
0.0031081       3.1217E-4      0.50000
0.0031103       3.1264E-4      0.50000
0.0031116       3.1293E-4      0.50000
0.0031145       3.1354E-4      0.50000
0.0031151       3.1368E-4      0.50000
0.0031154       3.1375E-4      0.50000
0.0031186       3.1445E-4      0.50000
0.0031205       3.1488E-4      0.50000
0.0031221       3.1525E-4      0.50000
0.0031254       3.1606E-4      0.50000
0.0031256       3.1610E-4      0.50000
0.0031259       3.1617E-4      0.50000
0.0031291       3.1681E-4      0.50000
0.0031305       3.1716E-4      0.50000
0.0031325       3.1763E-4      0.50000
0.0031354       3.1825E-4      0.50000
0.0031360       3.1837E-4      0.50000
0.0031371       3.1862E-4      0.50000
0.0031394       3.1920E-4      0.50000
0.0031404       3.1945E-4      0.50000
0.0031428       3.2004E-4      0.50000
0.0031454       3.2067E-4      0.50000
0.0031463       3.2089E-4      0.50000
0.0031483       3.2138E-4      0.50000
0.0031498       3.2173E-4      0.50000
0.0031504       3.2190E-4      0.50000
0.0031532       3.2260E-4      0.50000
0.0031554       3.2318E-4      0.50000
0.0031567       3.2351E-4      0.50000
0.0031593       3.2413E-4      0.50000
0.0031598       3.2424E-4      0.50000
0.0031600       3.2430E-4      0.50000
0.0031634       3.2516E-4      0.50000
0.0031649       3.2552E-4      0.50000
0.0031671       3.2607E-4      0.50000
0.0031688       3.2651E-4      0.50000
0.0031699       3.2678E-4      0.50000
0.0031719       3.2732E-4      0.50000
0.0031736       3.2773E-4      0.50000
0.0031753       3.2819E-4      0.50000
0.0031772       3.2869E-4      0.50000
0.0031787       3.2907E-4      0.50000
0.0031800       3.2941E-4      0.50000
0.0031814       3.2978E-4      0.50000
0.0031821       3.2998E-4      0.50000
0.0031856       3.3086E-4      0.50000
0.0031859       3.3094E-4      0.50000
0.0031866       3.3113E-4      0.50000
0.0031897       3.3194E-4      0.50000
0.0031905       3.3215E-4      0.50000
0.0031936       3.3294E-4      0.50000
0.0031952       3.3336E-4      0.50000
0.0031972       3.3389E-4      0.50000
0.0031986       3.3426E-4      0.50000
0.0032011       3.3493E-4      0.50000
0.0032020       3.3516E-4      0.50000
0.0032050       3.3596E-4      0.50000
0.0032055       3.3609E-4      0.50000
0.0032076       3.3665E-4      0.50000
0.0032099       3.3724E-4      0.50000
0.0032101       3.3729E-4      0.50000
0.0032104       3.3736E-4      0.50000
0.0032126       3.3795E-4      0.50000
0.0032148       3.3852E-4      0.50000
0.0032161       3.3891E-4      0.50000
0.0032185       3.3953E-4      0.50000
0.0032197       3.3986E-4      0.50000
0.0032204       3.4004E-4      0.50000
0.0032230       3.4074E-4      0.50000
0.0032258       3.4146E-4      0.50000
0.0032261       3.4157E-4      0.50000
0.0032265       3.4166E-4      0.50000
0.0032295       3.4246E-4      0.50000
0.0032328       3.4324E-4      0.50000
0.0032329       3.4327E-4      0.50000
0.0032331       3.4331E-4      0.50000
0.0032360       3.4411E-4      0.50000
0.0032369       3.4437E-4      0.50000
0.0032390       3.4495E-4      0.50000
0.0032410       3.4548E-4      0.50000
0.0032423       3.4581E-4      0.50000
0.0032448       3.4645E-4      0.50000
0.0032455       3.4664E-4      0.50000
0.0032481       3.4732E-4      0.50000
0.0032486       3.4746E-4      0.50000
0.0032488       3.4749E-4      0.50000
0.0032518       3.4830E-4      0.50000
0.0032527       3.4853E-4      0.50000
0.0032548       3.4907E-4      0.50000
0.0032562       3.4942E-4      0.50000
0.0032577       3.4982E-4      0.50000
0.0032596       3.5032E-4      0.50000
0.0032606       3.5058E-4      0.50000
0.0032624       3.5102E-4      0.50000
0.0032637       3.5133E-4      0.50000
0.0032650       3.5165E-4      0.50000
0.0032667       3.5209E-4      0.50000
0.0032677       3.5232E-4      0.50000
0.0032696       3.5277E-4      0.50000
0.0032716       3.5329E-4      0.50000
0.0032731       3.5370E-4      0.50000
0.0032766       3.5457E-4      0.50000
0.0032767       3.5458E-4      0.50000
0.0032768       3.5460E-4      0.50000
0.0032801       3.5543E-4      0.50000
0.0032817       3.5583E-4      0.50000
0.0032838       3.5635E-4      0.50000
0.0032875       3.5726E-4      0.50000
0.0032875       3.5728E-4      0.50000
0.0032876       3.5728E-4      0.50000
0.0032913       3.5816E-4      0.50000
0.0032930       3.5858E-4      0.50000
0.0032949       3.5899E-4      0.50000
0.0032976       3.5965E-4      0.50000
0.0032985       3.5985E-4      0.50000
0.0033015       3.6053E-4      0.50000
0.0033025       3.6076E-4      0.50000
0.0033053       3.6139E-4      0.50000
0.0033059       3.6154E-4      0.50000
0.0033062       3.6161E-4      0.50000
0.0033093       3.6233E-4      0.50000
0.0033113       3.6277E-4      0.50000
0.0033126       3.6307E-4      0.50000
0.0033159       3.6381E-4      0.50000
0.0033164       3.6390E-4      0.50000
0.0033165       3.6394E-4      0.50000
0.0033201       3.6471E-4      0.50000
0.0033217       3.6508E-4      0.50000
0.0033238       3.6555E-4      0.50000
0.0033268       3.6617E-4      0.50000
0.0033276       3.6634E-4      0.50000
0.0033293       3.6670E-4      0.50000
0.0033315       3.6716E-4      0.50000
0.0033326       3.6737E-4      0.50000
0.0033355       3.6795E-4      0.50000
0.0033379       3.6844E-4      0.50000
0.0033393       3.6870E-4      0.50000
0.0033427       3.6937E-4      0.50000
0.0033432       3.6947E-4      0.50000
0.0033468       3.7016E-4      0.50000
0.0033476       3.7029E-4      0.50000
0.0033496       3.7067E-4      0.50000
0.0033511       3.7096E-4      0.50000
0.0033517       3.7109E-4      0.50000
0.0033546       3.7163E-4      0.50000
0.0033568       3.7205E-4      0.50000
0.0033580       3.7226E-4      0.50000
0.0033609       3.7278E-4      0.50000
0.0033623       3.7301E-4      0.50000
0.0033629       3.7312E-4      0.50000
0.0033664       3.7373E-4      0.50000
0.0033687       3.7415E-4      0.50000
0.0033706       3.7448E-4      0.50000
0.0033736       3.7497E-4      0.50000
0.0033745       3.7513E-4      0.50000
0.0033773       3.7555E-4      0.50000
0.0033789       3.7581E-4      0.50000
0.0033810       3.7611E-4      0.50000
0.0033833       3.7646E-4      0.50000
0.0033850       3.7671E-4      0.50000
0.0033865       3.7694E-4      0.50000
0.0033886       3.7724E-4      0.50000
0.0033893       3.7735E-4      0.50000
0.0033899       3.7742E-4      0.50000
0.0033922       3.7775E-4      0.50000
0.0033946       3.7808E-4      0.50000
0.0033960       3.7825E-4      0.50000
0.0033992       3.7867E-4      0.50000
0.0034001       3.7879E-4      0.50000
0.0034041       3.7929E-4      0.50000
0.0034051       3.7941E-4      0.50000
0.0034087       3.7984E-4      0.50000
0.0034091       3.7989E-4      0.50000
0.0034131       3.8036E-4      0.50000
0.0034132       3.8036E-4      0.50000
0.0034132       3.8036E-4      0.50000
0.0034132       3.8037E-4      0.50000
0.0034167       3.8076E-4      0.50000
0.0034170       3.8079E-4      0.50000
0.0034180       3.8089E-4      0.50000
0.0034204       3.8116E-4      0.50000
0.0034214       3.8126E-4      0.50000
0.0034238       3.8151E-4      0.50000
0.0034261       3.8175E-4      0.50000
0.0034271       3.8185E-4      0.50000
0.0034307       3.8218E-4      0.50000
0.0034308       3.8218E-4      0.50000
0.0034310       3.8220E-4      0.50000
0.0034344       3.8249E-4      0.50000
0.0034351       3.8255E-4      0.50000
0.0034380       3.8279E-4      0.50000
0.0034393       3.8290E-4      0.50000
0.0034419       3.8310E-4      0.50000
0.0034435       3.8322E-4      0.50000
0.0034460       3.8340E-4      0.50000
0.0034477       3.8352E-4      0.50000
0.0034500       3.8367E-4      0.50000
0.0034519       3.8378E-4      0.50000
0.0034541       3.8392E-4      0.50000
0.0034561       3.8403E-4      0.50000
0.0034582       3.8415E-4      0.50000
0.0034603       3.8425E-4      0.50000
0.0034624       3.8435E-4      0.50000
0.0034644       3.8444E-4      0.50000
0.0034664       3.8452E-4      0.50000
0.0034686       3.8461E-4      0.50000
0.0034705       3.8468E-4      0.50000
0.0034727       3.8475E-4      0.50000
0.0034746       3.8481E-4      0.50000
0.0034768       3.8487E-4      0.50000
0.0034786       3.8491E-4      0.50000
0.0034808       3.8496E-4      0.50000
0.0034826       3.8500E-4      0.50000
0.0034849       3.8504E-4      0.50000
0.0034866       3.8506E-4      0.50000
0.0034890       3.8508E-4      0.50000
0.0034906       3.8509E-4      0.50000
0.0034930       3.8511E-4      0.50000
0.0034946       3.8511E-4      0.50000
0.0034971       3.8511E-4      0.50000
0.0034987       3.8510E-4      0.50000
0.0035012       3.8508E-4      0.50000
0.0035026       3.8506E-4      0.50000
0.0035052       3.8503E-4      0.50000
0.0035067       3.8501E-4      0.50000
0.0035093       3.8496E-4      0.50000
0.0035107       3.8493E-4      0.50000
0.0035134       3.8486E-4      0.50000
0.0035147       3.8482E-4      0.50000
0.0035174       3.8474E-4      0.50000
0.0035188       3.8469E-4      0.50000
0.0035216       3.8459E-4      0.50000
0.0035228       3.8454E-4      0.50000
0.0035256       3.8441E-4      0.50000
0.0035268       3.8436E-4      0.50000
0.0035297       3.8422E-4      0.50000
0.0035309       3.8416E-4      0.50000
0.0035338       3.8399E-4      0.50000
0.0035350       3.8392E-4      0.50000
0.0035378       3.8374E-4      0.50000
0.0035391       3.8367E-4      0.50000
0.0035419       3.8347E-4      0.50000
0.0035432       3.8338E-4      0.50000
0.0035461       3.8317E-4      0.50000
0.0035474       3.8307E-4      0.50000
0.0035501       3.8284E-4      0.50000
0.0035515       3.8273E-4      0.50000
0.0035542       3.8249E-4      0.50000
0.0035557       3.8236E-4      0.50000
0.0035584       3.8210E-4      0.50000
0.0035599       3.8196E-4      0.50000
0.0035624       3.8170E-4      0.50000
0.0035639       3.8155E-4      0.50000
0.0035660       3.8132E-4      0.50000
0.0035680       3.8110E-4      0.50000
0.0035696       3.8090E-4      0.50000
0.0035720       3.8063E-4      0.50000
0.0035733       3.8046E-4      0.50000
0.0035759       3.8015E-4      0.50000
0.0035775       3.7996E-4      0.50000
0.0035798       3.7967E-4      0.50000
0.0035817       3.7943E-4      0.50000
0.0035836       3.7917E-4      0.50000
0.0035856       3.7890E-4      0.50000
0.0035881       3.7854E-4      0.50000
0.0035891       3.7838E-4      0.50000
0.0035919       3.7798E-4      0.50000
0.0035927       3.7786E-4      0.50000
0.0035931       3.7780E-4      0.50000
0.0035962       3.7730E-4      0.50000
0.0035979       3.7705E-4      0.50000
0.0036004       3.7665E-4      0.50000
0.0036027       3.7625E-4      0.50000
0.0036043       3.7597E-4      0.50000
0.0036074       3.7543E-4      0.50000
0.0036083       3.7527E-4      0.50000
0.0036104       3.7491E-4      0.50000
0.0036120       3.7465E-4      0.50000
0.0036128       3.7450E-4      0.50000
0.0036156       3.7398E-4      0.50000
0.0036174       3.7367E-4      0.50000
0.0036193       3.7330E-4      0.50000
0.0036216       3.7285E-4      0.50000
0.0036221       3.7277E-4      0.50000
0.0036232       3.7255E-4      0.50000
0.0036249       3.7221E-4      0.50000
0.0036256       3.7207E-4      0.50000
0.0036282       3.7154E-4      0.50000
0.0036295       3.7128E-4      0.50000
0.0036328       3.7058E-4      0.50000
0.0036330       3.7054E-4      0.50000
0.0036336       3.7041E-4      0.50000
0.0036366       3.6978E-4      0.50000
0.0036373       3.6960E-4      0.50000
0.0036408       3.6886E-4      0.50000
0.0036411       3.6878E-4      0.50000
0.0036423       3.6851E-4      0.50000
0.0036450       3.6786E-4      0.50000
0.0036460       3.6764E-4      0.50000
0.0036489       3.6691E-4      0.50000
0.0036513       3.6635E-4      0.50000
0.0036528       3.6598E-4      0.50000
0.0036559       3.6521E-4      0.50000
0.0036563       3.6509E-4      0.50000
0.0036580       3.6468E-4      0.50000
0.0036600       3.6417E-4      0.50000
0.0036605       3.6404E-4      0.50000
0.0036637       3.6320E-4      0.50000
0.0036653       3.6276E-4      0.50000
0.0036668       3.6237E-4      0.50000
0.0036700       3.6151E-4      0.50000
0.0036702       3.6143E-4      0.50000
0.0036710       3.6121E-4      0.50000
0.0036736       3.6050E-4      0.50000
0.0036744       3.6030E-4      0.50000
0.0036778       3.5935E-4      0.50000
0.0036781       3.5927E-4      0.50000
0.0036815       3.5830E-4      0.50000
0.0036825       3.5802E-4      0.50000
0.0036852       3.5725E-4      0.50000
0.0036873       3.5664E-4      0.50000
0.0036889       3.5619E-4      0.50000
0.0036926       3.5510E-4      0.50000
0.0036926       3.5509E-4      0.50000
0.0036926       3.5509E-4      0.50000
0.0036963       3.5402E-4      0.50000
0.0036976       3.5360E-4      0.50000
0.0037002       3.5279E-4      0.50000
0.0037031       3.5191E-4      0.50000
0.0037041       3.5157E-4      0.50000
0.0037069       3.5071E-4      0.50000
0.0037081       3.5034E-4      0.50000
0.0037086       3.5018E-4      0.50000
0.0037119       3.4913E-4      0.50000
0.0037140       3.4844E-4      0.50000
0.0037156       3.4791E-4      0.50000
0.0037194       3.4668E-4      0.50000
0.0037194       3.4667E-4      0.50000
0.0037195       3.4664E-4      0.50000
0.0037228       3.4560E-4      0.50000
0.0037240       3.4522E-4      0.50000
0.0037264       3.4444E-4      0.50000
0.0037288       3.4366E-4      0.50000
0.0037300       3.4328E-4      0.50000
0.0037334       3.4218E-4      0.50000
0.0037336       3.4210E-4      0.50000
0.0037346       3.4178E-4      0.50000
0.0037372       3.4090E-4      0.50000
0.0037378       3.4071E-4      0.50000
0.0037409       3.3969E-4      0.50000
0.0037423       3.3920E-4      0.50000
0.0037445       3.3848E-4      0.50000
0.0037465       3.3778E-4      0.50000
0.0037481       3.3727E-4      0.50000
0.0037508       3.3636E-4      0.50000
0.0037518       3.3600E-4      0.50000
0.0037545       3.3512E-4      0.50000
0.0037550       3.3497E-4      0.50000
0.0037578       3.3402E-4      0.50000
0.0037581       3.3393E-4      0.50000
0.0037612       3.3292E-4      0.50000
0.0037613       3.3287E-4      0.50000
0.0037639       3.3202E-4      0.50000
0.0037665       3.3113E-4      0.50000
0.0037665       3.3113E-4      0.50000
0.0037666       3.3112E-4      0.50000
0.0037692       3.3023E-4      0.50000
0.0037717       3.2944E-4      0.50000
0.0037722       3.2926E-4      0.50000
0.0037731       3.2899E-4      0.50000
0.0037752       3.2831E-4      0.50000
0.0037765       3.2788E-4      0.50000
0.0037783       3.2732E-4      0.50000
0.0037805       3.2661E-4      0.50000
0.0037813       3.2636E-4      0.50000
0.0037819       3.2614E-4      0.50000
0.0037843       3.2538E-4      0.50000
0.0037871       3.2440E-4      0.50000
0.0037873       3.2437E-4      0.50000
0.0037874       3.2434E-4      0.50000
0.0037900       3.2353E-4      0.50000
0.0037924       3.2279E-4      0.50000
0.0037928       3.2267E-4      0.50000
0.0037932       3.2253E-4      0.50000
0.0037957       3.2180E-4      0.50000
0.0037981       3.2109E-4      0.50000
0.0037986       3.2094E-4      0.50000
0.0037996       3.2065E-4      0.50000
0.0038013       3.2014E-4      0.50000
0.0038025       3.1976E-4      0.50000
0.0038039       3.1935E-4      0.50000
0.0038060       3.1872E-4      0.50000
0.0038069       3.1843E-4      0.50000
0.0038093       3.1774E-4      0.50000
0.0038098       3.1758E-4      0.50000
0.0038100       3.1751E-4      0.50000
0.0038127       3.1676E-4      0.50000
0.0038149       3.1614E-4      0.50000
0.0038159       3.1588E-4      0.50000
0.0038169       3.1560E-4      0.50000
0.0038191       3.1501E-4      0.50000
0.0038211       3.1447E-4      0.50000
0.0038222       3.1417E-4      0.50000
0.0038236       3.1379E-4      0.50000
0.0038257       3.1324E-4      0.50000
0.0038272       3.1284E-4      0.50000
0.0038291       3.1232E-4      0.50000
0.0038320       3.1153E-4      0.50000
0.0038326       3.1138E-4      0.50000
0.0038329       3.1129E-4      0.50000
0.0038360       3.1058E-4      0.50000
0.0038379       3.1014E-4      0.50000
0.0038397       3.0970E-4      0.50000
0.0038425       3.0908E-4      0.50000
0.0038435       3.0886E-4      0.50000
0.0038458       3.0835E-4      0.50000
0.0038470       3.0809E-4      0.50000
0.0038475       3.0797E-4      0.50000
0.0038505       3.0729E-4      0.50000
0.0038525       3.0682E-4      0.50000
0.0038539       3.0652E-4      0.50000
0.0038568       3.0592E-4      0.50000
0.0038574       3.0579E-4      0.50000
0.0038577       3.0572E-4      0.50000
0.0038609       3.0508E-4      0.50000
0.0038629       3.0466E-4      0.50000
0.0038643       3.0437E-4      0.50000
0.0038670       3.0390E-4      0.50000
0.0038678       3.0378E-4      0.50000
0.0038683       3.0369E-4      0.50000
0.0038713       3.0315E-4      0.50000
0.0038737       3.0276E-4      0.50000
0.0038747       3.0258E-4      0.50000
0.0038765       3.0229E-4      0.50000
0.0038782       3.0198E-4      0.50000
0.0038791       3.0181E-4      0.50000
0.0038816       3.0140E-4      0.50000
0.0038846       3.0095E-4      0.50000
0.0038851       3.0088E-4      0.50000
0.0038858       3.0078E-4      0.50000
0.0038885       3.0040E-4      0.50000
0.0038903       3.0015E-4      0.50000
0.0038920       2.9990E-4      0.50000
0.0038948       2.9947E-4      0.50000
0.0038955       2.9939E-4      0.50000
0.0038959       2.9933E-4      0.50000
0.0038989       2.9901E-4      0.50000
0.0039017       2.9867E-4      0.50000
0.0039024       2.9859E-4      0.50000
0.0039033       2.9851E-4      0.50000
0.0039059       2.9826E-4      0.50000
0.0039076       2.9807E-4      0.50000
0.0039093       2.9786E-4      0.50000
0.0039117       2.9764E-4      0.50000
0.0039128       2.9754E-4      0.50000
0.0039136       2.9745E-4      0.50000
0.0039163       2.9718E-4      0.50000
0.0039196       2.9691E-4      0.50000
0.0039198       2.9690E-4      0.50000
0.0039199       2.9689E-4      0.50000
0.0039232       2.9664E-4      0.50000
0.0039259       2.9652E-4      0.50000
0.0039267       2.9646E-4      0.50000
0.0039277       2.9641E-4      0.50000
0.0039302       2.9622E-4      0.50000
0.0039322       2.9609E-4      0.50000
0.0039337       2.9601E-4      0.50000
0.0039354       2.9593E-4      0.50000
0.0039372       2.9584E-4      0.50000
0.0039386       2.9576E-4      0.50000
0.0039407       2.9566E-4      0.50000
0.0039430       2.9558E-4      0.50000
0.0039442       2.9555E-4      0.50000
0.0039452       2.9553E-4      0.50000
0.0039476       2.9546E-4      0.50000
0.0039502       2.9542E-4      0.50000
0.0039511       2.9539E-4      0.50000
0.0039520       2.9537E-4      0.50000
0.0039546       2.9533E-4      0.50000
0.0039574       2.9531E-4      0.50000
0.0039581       2.9531E-4      0.50000
0.0039588       2.9530E-4      0.50000
0.0039616       2.9528E-4      0.50000
0.0039644       2.9529E-4      0.50000
0.0039651       2.9529E-4      0.50000
0.0039658       2.9531E-4      0.50000
0.0039686       2.9533E-4      0.50000
0.0039713       2.9537E-4      0.50000
0.0039721       2.9537E-4      0.50000
0.0039729       2.9539E-4      0.50000
0.0039756       2.9545E-4      0.50000
0.0039780       2.9553E-4      0.50000
0.0039791       2.9557E-4      0.50000
0.0039803       2.9560E-4      0.50000
0.0039825       2.9568E-4      0.50000
0.0039846       2.9577E-4      0.50000
0.0039860       2.9584E-4      0.50000
0.0039878       2.9594E-4      0.50000
0.0039895       2.9602E-4      0.50000
0.0039910       2.9610E-4      0.50000
0.0039930       2.9616E-4      0.50000
0.0039953       2.9628E-4      0.50000
0.0039965       2.9635E-4      0.50000
0.0039975       2.9642E-4      0.50000
0.0040000       2.9657E-4      0.50000
