0.0030000       3.6213E-4      0.50000
0.0030017       3.6224E-4      0.50000
0.0030035       3.6239E-4      0.50000
0.0030058       3.6251E-4      0.50000
0.0030070       3.6257E-4      0.50000
0.0030079       3.6266E-4      0.50000
0.0030105       3.6283E-4      0.50000
0.0030135       3.6299E-4      0.50000
0.0030140       3.6300E-4      0.50000
0.0030143       3.6302E-4      0.50000
0.0030175       3.6320E-4      0.50000
0.0030208       3.6331E-4      0.50000
0.0030209       3.6332E-4      0.50000
0.0030211       3.6332E-4      0.50000
0.0030244       3.6359E-4      0.50000
0.0030271       3.6376E-4      0.50000
0.0030279       3.6381E-4      0.50000
0.0030289       3.6387E-4      0.50000
0.0030314       3.6402E-4      0.50000
0.0030334       3.6415E-4      0.50000
0.0030349       3.6425E-4      0.50000
0.0030367       3.6435E-4      0.50000
0.0030384       3.6444E-4      0.50000
0.0030399       3.6449E-4      0.50000
0.0030419       3.6462E-4      0.50000
0.0030443       3.6476E-4      0.50000
0.0030454       3.6484E-4      0.50000
0.0030462       3.6490E-4      0.50000
0.0030489       3.6507E-4      0.50000
0.0030521       3.6527E-4      0.50000
0.0030524       3.6528E-4      0.50000
0.0030525       3.6529E-4      0.50000
0.0030558       3.6549E-4      0.50000
0.0030589       3.6568E-4      0.50000
0.0030593       3.6572E-4      0.50000
0.0030599       3.6576E-4      0.50000
0.0030628       3.6593E-4      0.50000
0.0030652       3.6608E-4      0.50000
0.0030663       3.6613E-4      0.50000
0.0030677       3.6620E-4      0.50000
0.0030698       3.6633E-4      0.50000
0.0030715       3.6645E-4      0.50000
0.0030733       3.6656E-4      0.50000
0.0030756       3.6670E-4      0.50000
0.0030768       3.6676E-4      0.50000
0.0030778       3.6683E-4      0.50000
0.0030803       3.6699E-4      0.50000
0.0030835       3.6726E-4      0.50000
0.0030837       3.6727E-4      0.50000
0.0030839       3.6728E-4      0.50000
0.0030873       3.6742E-4      0.50000
0.0030907       3.6763E-4      0.50000
0.0030908       3.6764E-4      0.50000
0.0030910       3.6764E-4      0.50000
0.0030943       3.6782E-4      0.50000
0.0030980       3.6807E-4      0.50000
0.0030981       3.6808E-4      0.50000
0.0030983       3.6809E-4      0.50000
0.0031018       3.6831E-4      0.50000
0.0031050       3.6862E-4      0.50000
0.0031054       3.6865E-4      0.50000
0.0031062       3.6869E-4      0.50000
0.0031091       3.6879E-4      0.50000
0.0031103       3.6887E-4      0.50000
0.0031133       3.6906E-4      0.50000
0.0031153       3.6916E-4      0.50000
0.0031178       3.6930E-4      0.50000
0.0031197       3.6943E-4      0.50000
0.0031207       3.6948E-4      0.50000
0.0031234       3.6966E-4      0.50000
0.0031237       3.6968E-4      0.50000
0.0031270       3.6991E-4      0.50000
0.0031278       3.6996E-4      0.50000
0.0031301       3.7011E-4      0.50000
0.0031324       3.7029E-4      0.50000
0.0031331       3.7033E-4      0.50000
0.0031368       3.7060E-4      0.50000
0.0031369       3.7061E-4      0.50000
0.0031375       3.7065E-4      0.50000
0.0031407       3.7085E-4      0.50000
0.0031411       3.7088E-4      0.50000
0.0031450       3.7115E-4      0.50000
0.0031457       3.7119E-4      0.50000
0.0031490       3.7140E-4      0.50000
0.0031502       3.7147E-4      0.50000
0.0031531       3.7165E-4      0.50000
0.0031547       3.7174E-4      0.50000
0.0031572       3.7190E-4      0.50000
0.0031592       3.7203E-4      0.50000
0.0031613       3.7216E-4      0.50000
0.0031637       3.7230E-4      0.50000
0.0031654       3.7241E-4      0.50000
0.0031682       3.7257E-4      0.50000
0.0031696       3.7266E-4      0.50000
0.0031726       3.7284E-4      0.50000
0.0031737       3.7291E-4      0.50000
0.0031770       3.7311E-4      0.50000
0.0031779       3.7316E-4      0.50000
0.0031815       3.7338E-4      0.50000
0.0031820       3.7341E-4      0.50000
0.0031860       3.7364E-4      0.50000
0.0031861       3.7365E-4      0.50000
0.0031885       3.7379E-4      0.50000
0.0031903       3.7390E-4      0.50000
0.0031904       3.7391E-4      0.50000
0.0031944       3.7414E-4      0.50000
0.0031949       3.7417E-4      0.50000
0.0031986       3.7438E-4      0.50000
0.0031993       3.7441E-4      0.50000
0.0032027       3.7460E-4      0.50000
0.0032037       3.7466E-4      0.50000
0.0032069       3.7483E-4      0.50000
0.0032082       3.7490E-4      0.50000
0.0032110       3.7505E-4      0.50000
0.0032126       3.7513E-4      0.50000
0.0032151       3.7527E-4      0.50000
0.0032170       3.7536E-4      0.50000
0.0032193       3.7548E-4      0.50000
0.0032214       3.7559E-4      0.50000
0.0032235       3.7569E-4      0.50000
0.0032259       3.7581E-4      0.50000
0.0032277       3.7589E-4      0.50000
0.0032305       3.7603E-4      0.50000
0.0032319       3.7610E-4      0.50000
0.0032350       3.7625E-4      0.50000
0.0032361       3.7630E-4      0.50000
0.0032396       3.7645E-4      0.50000
0.0032404       3.7649E-4      0.50000
0.0032441       3.7666E-4      0.50000
0.0032446       3.7668E-4      0.50000
0.0032486       3.7687E-4      0.50000
0.0032489       3.7688E-4      0.50000
0.0032532       3.7706E-4      0.50000
0.0032532       3.7706E-4      0.50000
0.0032536       3.7707E-4      0.50000
0.0032575       3.7725E-4      0.50000
0.0032577       3.7725E-4      0.50000
0.0032618       3.7741E-4      0.50000
0.0032621       3.7742E-4      0.50000
0.0032655       3.7754E-4      0.50000
0.0032662       3.7757E-4      0.50000
0.0032663       3.7757E-4      0.50000
0.0032704       3.7772E-4      0.50000
0.0032707       3.7774E-4      0.50000
0.0032747       3.7786E-4      0.50000
0.0032750       3.7787E-4      0.50000
0.0032788       3.7798E-4      0.50000
0.0032792       3.7800E-4      0.50000
0.0032829       3.7811E-4      0.50000
0.0032833       3.7813E-4      0.50000
0.0032871       3.7825E-4      0.50000
0.0032875       3.7826E-4      0.50000
0.0032917       3.7836E-4      0.50000
0.0032919       3.7837E-4      0.50000
0.0032954       3.7846E-4      0.50000
0.0032962       3.7848E-4      0.50000
0.0032963       3.7848E-4      0.50000
0.0033005       3.7859E-4      0.50000
0.0033007       3.7859E-4      0.50000
0.0033048       3.7867E-4      0.50000
0.0033054       3.7868E-4      0.50000
0.0033091       3.7875E-4      0.50000
0.0033100       3.7877E-4      0.50000
0.0033135       3.7881E-4      0.50000
0.0033142       3.7882E-4      0.50000
0.0033162       3.7884E-4      0.50000
0.0033178       3.7888E-4      0.50000
0.0033184       3.7889E-4      0.50000
0.0033213       3.7895E-4      0.50000
0.0033235       3.7899E-4      0.50000
0.0033251       3.7901E-4      0.50000
0.0033272       3.7903E-4      0.50000
0.0033301       3.7904E-4      0.50000
0.0033305       3.7904E-4      0.50000
0.0033314       3.7904E-4      0.50000
0.0033339       3.7907E-4      0.50000
0.0033350       3.7908E-4      0.50000
0.0033382       3.7912E-4      0.50000
0.0033397       3.7913E-4      0.50000
0.0033427       3.7914E-4      0.50000
0.0033435       3.7914E-4      0.50000
0.0033472       3.7916E-4      0.50000
0.0033473       3.7916E-4      0.50000
0.0033474       3.7916E-4      0.50000
0.0033477       3.7916E-4      0.50000
0.0033518       3.7919E-4      0.50000
0.0033523       3.7919E-4      0.50000
0.0033550       3.7920E-4      0.50000
0.0033571       3.7925E-4      0.50000
0.0033580       3.7925E-4      0.50000
0.0033595       3.7925E-4      0.50000
0.0033624       3.7920E-4      0.50000
0.0033657       3.7918E-4      0.50000
0.0033668       3.7917E-4      0.50000
0.0033678       3.7917E-4      0.50000
0.0033710       3.7912E-4      0.50000
0.0033728       3.7911E-4      0.50000
0.0033747       3.7909E-4      0.50000
0.0033769       3.7907E-4      0.50000
0.0033789       3.7904E-4      0.50000
0.0033809       3.7902E-4      0.50000
0.0033832       3.7899E-4      0.50000
0.0033855       3.7896E-4      0.50000
0.0033866       3.7893E-4      0.50000
0.0033879       3.7892E-4      0.50000
0.0033894       3.7890E-4      0.50000
0.0033908       3.7891E-4      0.50000
0.0033923       3.7887E-4      0.50000
0.0033937       3.7884E-4      0.50000
0.0033961       3.7875E-4      0.50000
0.0033992       3.7868E-4      0.50000
0.0034000       3.7866E-4      0.50000
0.0034033       3.7853E-4      0.50000
0.0034047       3.7848E-4      0.50000
0.0034050       3.7848E-4      0.50000
0.0034085       3.7841E-4      0.50000
0.0034101       3.7836E-4      0.50000
0.0034123       3.7831E-4      0.50000
0.0034153       3.7822E-4      0.50000
0.0034161       3.7819E-4      0.50000
0.0034175       3.7814E-4      0.50000
0.0034194       3.7807E-4      0.50000
0.0034203       3.7804E-4      0.50000
0.0034226       3.7797E-4      0.50000
0.0034253       3.7790E-4      0.50000
0.0034259       3.7788E-4      0.50000
0.0034273       3.7781E-4      0.50000
0.0034293       3.7768E-4      0.50000
0.0034302       3.7765E-4      0.50000
0.0034328       3.7753E-4      0.50000
0.0034351       3.7739E-4      0.50000
0.0034362       3.7734E-4      0.50000
0.0034397       3.7714E-4      0.50000
0.0034398       3.7714E-4      0.50000
0.0034400       3.7713E-4      0.50000
0.0034434       3.7696E-4      0.50000
0.0034444       3.7692E-4      0.50000
0.0034472       3.7675E-4      0.50000
0.0034490       3.7666E-4      0.50000
0.0034509       3.7656E-4      0.50000
0.0034535       3.7642E-4      0.50000
0.0034546       3.7635E-4      0.50000
0.0034580       3.7616E-4      0.50000
0.0034584       3.7613E-4      0.50000
0.0034606       3.7599E-4      0.50000
0.0034621       3.7589E-4      0.50000
0.0034624       3.7587E-4      0.50000
0.0034658       3.7565E-4      0.50000
0.0034668       3.7559E-4      0.50000
0.0034696       3.7541E-4      0.50000
0.0034712       3.7530E-4      0.50000
0.0034733       3.7516E-4      0.50000
0.0034755       3.7501E-4      0.50000
0.0034770       3.7490E-4      0.50000
0.0034798       3.7471E-4      0.50000
0.0034807       3.7464E-4      0.50000
0.0034840       3.7438E-4      0.50000
0.0034844       3.7436E-4      0.50000
0.0034871       3.7415E-4      0.50000
0.0034881       3.7408E-4      0.50000
0.0034882       3.7406E-4      0.50000
0.0034918       3.7377E-4      0.50000
0.0034925       3.7372E-4      0.50000
0.0034955       3.7346E-4      0.50000
0.0034966       3.7337E-4      0.50000
0.0034992       3.7315E-4      0.50000
0.0035008       3.7301E-4      0.50000
0.0035029       3.7283E-4      0.50000
0.0035049       3.7266E-4      0.50000
0.0035066       3.7250E-4      0.50000
0.0035089       3.7230E-4      0.50000
0.0035104       3.7218E-4      0.50000
0.0035131       3.7192E-4      0.50000
0.0035141       3.7183E-4      0.50000
0.0035171       3.7155E-4      0.50000
0.0035179       3.7148E-4      0.50000
0.0035211       3.7119E-4      0.50000
0.0035216       3.7114E-4      0.50000
0.0035252       3.7080E-4      0.50000
0.0035255       3.7078E-4      0.50000
0.0035292       3.7042E-4      0.50000
0.0035292       3.7041E-4      0.50000
0.0035315       3.7020E-4      0.50000
0.0035330       3.7006E-4      0.50000
0.0035331       3.7005E-4      0.50000
0.0035369       3.6968E-4      0.50000
0.0035371       3.6967E-4      0.50000
0.0035408       3.6931E-4      0.50000
0.0035410       3.6929E-4      0.50000
0.0035446       3.6894E-4      0.50000
0.0035448       3.6892E-4      0.50000
0.0035486       3.6855E-4      0.50000
0.0035488       3.6853E-4      0.50000
0.0035525       3.6816E-4      0.50000
0.0035526       3.6816E-4      0.50000
0.0035543       3.6799E-4      0.50000
0.0035563       3.6779E-4      0.50000
0.0035564       3.6778E-4      0.50000
0.0035602       3.6743E-4      0.50000
0.0035605       3.6740E-4      0.50000
0.0035639       3.6706E-4      0.50000
0.0035645       3.6700E-4      0.50000
0.0035676       3.6669E-4      0.50000
0.0035685       3.6661E-4      0.50000
0.0035714       3.6634E-4      0.50000
0.0035725       3.6623E-4      0.50000
0.0035751       3.6597E-4      0.50000
0.0035766       3.6583E-4      0.50000
0.0035787       3.6563E-4      0.50000
0.0035808       3.6544E-4      0.50000
0.0035823       3.6530E-4      0.50000
0.0035849       3.6505E-4      0.50000
0.0035858       3.6495E-4      0.50000
0.0035892       3.6467E-4      0.50000
0.0035893       3.6466E-4      0.50000
0.0035897       3.6464E-4      0.50000
0.0035929       3.6430E-4      0.50000
0.0035940       3.6420E-4      0.50000
0.0035965       3.6395E-4      0.50000
0.0035988       3.6373E-4      0.50000
0.0036000       3.6361E-4      0.50000
0.0036035       3.6329E-4      0.50000
0.0036036       3.6327E-4      0.50000
0.0036041       3.6323E-4      0.50000
0.0036073       3.6294E-4      0.50000
0.0036083       3.6283E-4      0.50000
0.0036109       3.6258E-4      0.50000
0.0036133       3.6238E-4      0.50000
0.0036145       3.6226E-4      0.50000
0.0036178       3.6195E-4      0.50000
0.0036180       3.6194E-4      0.50000
0.0036180       3.6193E-4      0.50000
0.0036215       3.6164E-4      0.50000
0.0036228       3.6153E-4      0.50000
0.0036249       3.6136E-4      0.50000
0.0036273       3.6115E-4      0.50000
0.0036284       3.6105E-4      0.50000
0.0036311       3.6086E-4      0.50000
0.0036318       3.6080E-4      0.50000
0.0036321       3.6078E-4      0.50000
0.0036355       3.6047E-4      0.50000
0.0036370       3.6034E-4      0.50000
0.0036392       3.6016E-4      0.50000
0.0036420       3.5994E-4      0.50000
0.0036428       3.5987E-4      0.50000
0.0036444       3.5975E-4      0.50000
0.0036463       3.5960E-4      0.50000
0.0036474       3.5952E-4      0.50000
0.0036500       3.5931E-4      0.50000
0.0036528       3.5906E-4      0.50000
0.0036536       3.5900E-4      0.50000
0.0036548       3.5892E-4      0.50000
0.0036571       3.5879E-4      0.50000
0.0036587       3.5868E-4      0.50000
0.0036606       3.5854E-4      0.50000
0.0036635       3.5839E-4      0.50000
0.0036641       3.5836E-4      0.50000
0.0036644       3.5833E-4      0.50000
0.0036675       3.5808E-4      0.50000
0.0036702       3.5789E-4      0.50000
0.0036710       3.5784E-4      0.50000
0.0036721       3.5777E-4      0.50000
0.0036743       3.5762E-4      0.50000
0.0036758       3.5753E-4      0.50000
0.0036780       3.5738E-4      0.50000
0.0036814       3.5717E-4      0.50000
0.0036816       3.5715E-4      0.50000
0.0036821       3.5712E-4      0.50000
0.0036852       3.5694E-4      0.50000
0.0036876       3.5681E-4      0.50000
0.0036889       3.5676E-4      0.50000
0.0036900       3.5670E-4      0.50000
0.0036925       3.5657E-4      0.50000
0.0036950       3.5643E-4      0.50000
0.0036961       3.5638E-4      0.50000
0.0036973       3.5632E-4      0.50000
0.0037001       3.5620E-4      0.50000
0.0037029       3.5606E-4      0.50000
0.0037041       3.5600E-4      0.50000
0.0037053       3.5593E-4      0.50000
0.0037081       3.5581E-4      0.50000
0.0037119       3.5564E-4      0.50000
0.0037121       3.5563E-4      0.50000
0.0037124       3.5562E-4      0.50000
0.0037161       3.5548E-4      0.50000
0.0037178       3.5543E-4      0.50000
0.0037205       3.5531E-4      0.50000
0.0037229       3.5523E-4      0.50000
0.0037234       3.5522E-4      0.50000
0.0037244       3.5518E-4      0.50000
0.0037265       3.5510E-4      0.50000
0.0037278       3.5508E-4      0.50000
0.0037298       3.5502E-4      0.50000
0.0037318       3.5496E-4      0.50000
0.0037334       3.5490E-4      0.50000
0.0037371       3.5480E-4      0.50000
0.0037371       3.5480E-4      0.50000
0.0037371       3.5480E-4      0.50000
0.0037403       3.5472E-4      0.50000
0.0037413       3.5469E-4      0.50000
0.0037440       3.5463E-4      0.50000
0.0037446       3.5461E-4      0.50000
0.0037448       3.5461E-4      0.50000
0.0037483       3.5454E-4      0.50000
0.0037505       3.5452E-4      0.50000
0.0037521       3.5450E-4      0.50000
0.0037538       3.5446E-4      0.50000
0.0037560       3.5441E-4      0.50000
0.0037598       3.5436E-4      0.50000
0.0037598       3.5436E-4      0.50000
0.0037599       3.5436E-4      0.50000
0.0037632       3.5432E-4      0.50000
0.0037645       3.5431E-4      0.50000
0.0037676       3.5428E-4      0.50000
0.0037690       3.5426E-4      0.50000
0.0037723       3.5425E-4      0.50000
0.0037735       3.5424E-4      0.50000
0.0037769       3.5423E-4      0.50000
0.0037780       3.5423E-4      0.50000
0.0037812       3.5422E-4      0.50000
0.0037827       3.5421E-4      0.50000
0.0037856       3.5421E-4      0.50000
0.0037874       3.5420E-4      0.50000
0.0037899       3.5421E-4      0.50000
0.0037920       3.5421E-4      0.50000
0.0037944       3.5421E-4      0.50000
0.0037965       3.5421E-4      0.50000
0.0037990       3.5422E-4      0.50000
0.0038009       3.5423E-4      0.50000
0.0038036       3.5425E-4      0.50000
0.0038054       3.5426E-4      0.50000
0.0038080       3.5427E-4      0.50000
0.0038097       3.5428E-4      0.50000
0.0038125       3.5431E-4      0.50000
0.0038139       3.5432E-4      0.50000
0.0038170       3.5436E-4      0.50000
0.0038183       3.5437E-4      0.50000
0.0038213       3.5440E-4      0.50000
0.0038226       3.5442E-4      0.50000
0.0038257       3.5446E-4      0.50000
0.0038270       3.5447E-4      0.50000
0.0038301       3.5452E-4      0.50000
0.0038314       3.5454E-4      0.50000
0.0038342       3.5458E-4      0.50000
0.0038360       3.5459E-4      0.50000
0.0038383       3.5463E-4      0.50000
0.0038406       3.5465E-4      0.50000
0.0038423       3.5469E-4      0.50000
0.0038449       3.5473E-4      0.50000
0.0038466       3.5477E-4      0.50000
0.0038482       3.5483E-4      0.50000
0.0038510       3.5489E-4      0.50000
0.0038515       3.5491E-4      0.50000
0.0038531       3.5494E-4      0.50000
0.0038550       3.5499E-4      0.50000
0.0038560       3.5502E-4      0.50000
0.0038580       3.5509E-4      0.50000
0.0038590       3.5510E-4      0.50000
0.0038610       3.5515E-4      0.50000
0.0038634       3.5517E-4      0.50000
0.0038640       3.5518E-4      0.50000
0.0038649       3.5522E-4      0.50000
0.0038676       3.5537E-4      0.50000
0.0038704       3.5546E-4      0.50000
0.0038711       3.5548E-4      0.50000
0.0038719       3.5552E-4      0.50000
0.0038746       3.5564E-4      0.50000
0.0038773       3.5572E-4      0.50000
0.0038780       3.5572E-4      0.50000
0.0038788       3.5576E-4      0.50000
0.0038815       3.5585E-4      0.50000
0.0038843       3.5588E-4      0.50000
0.0038851       3.5590E-4      0.50000
0.0038858       3.5593E-4      0.50000
0.0038885       3.5610E-4      0.50000
0.0038915       3.5621E-4      0.50000
0.0038920       3.5622E-4      0.50000
0.0038924       3.5625E-4      0.50000
0.0038955       3.5639E-4      0.50000
0.0038989       3.5651E-4      0.50000
0.0038990       3.5651E-4      0.50000
0.0038990       3.5652E-4      0.50000
0.0039024       3.5665E-4      0.50000
0.0039058       3.5670E-4      0.50000
0.0039059       3.5671E-4      0.50000
0.0039061       3.5671E-4      0.50000
0.0039094       3.5692E-4      0.50000
0.0039123       3.5705E-4      0.50000
0.0039129       3.5708E-4      0.50000
0.0039135       3.5710E-4      0.50000
0.0039164       3.5724E-4      0.50000
0.0039189       3.5735E-4      0.50000
0.0039198       3.5740E-4      0.50000
0.0039209       3.5745E-4      0.50000
0.0039233       3.5754E-4      0.50000
0.0039255       3.5759E-4      0.50000
0.0039268       3.5765E-4      0.50000
0.0039282       3.5771E-4      0.50000
0.0039303       3.5784E-4      0.50000
0.0039320       3.5794E-4      0.50000
0.0039337       3.5803E-4      0.50000
0.0039358       3.5812E-4      0.50000
0.0039372       3.5819E-4      0.50000
0.0039385       3.5825E-4      0.50000
0.0039407       3.5837E-4      0.50000
0.0039434       3.5850E-4      0.50000
0.0039442       3.5853E-4      0.50000
0.0039449       3.5855E-4      0.50000
0.0039477       3.5869E-4      0.50000
0.0039509       3.5884E-4      0.50000
0.0039512       3.5886E-4      0.50000
0.0039514       3.5887E-4      0.50000
0.0039547       3.5905E-4      0.50000
0.0039578       3.5922E-4      0.50000
0.0039581       3.5924E-4      0.50000
0.0039586       3.5926E-4      0.50000
0.0039616       3.5941E-4      0.50000
0.0039642       3.5955E-4      0.50000
0.0039651       3.5961E-4      0.50000
0.0039663       3.5969E-4      0.50000
0.0039686       3.5980E-4      0.50000
0.0039706       3.5991E-4      0.50000
0.0039721       3.5997E-4      0.50000
0.0039738       3.6005E-4      0.50000
0.0039756       3.6014E-4      0.50000
0.0039770       3.6024E-4      0.50000
0.0039791       3.6034E-4      0.50000
0.0039815       3.6048E-4      0.50000
0.0039826       3.6052E-4      0.50000
0.0039834       3.6058E-4      0.50000
0.0039860       3.6074E-4      0.50000
0.0039893       3.6099E-4      0.50000
0.0039895       3.6100E-4      0.50000
0.0039897       3.6101E-4      0.50000
0.0039930       3.6112E-4      0.50000
0.0039962       3.6131E-4      0.50000
0.0039965       3.6133E-4      0.50000
0.0039969       3.6134E-4      0.50000
0.0040000       3.6149E-4      0.50000
