4	0.317	4	0.3201	4	0.322	4	0.34
4.0044	0.317	4.001	0.32006	4.0014	0.322	4.013	0.341
4.0056	0.318	4.0114	0.32044	4.0146	0.323	4.0436	0.345
4.0068	0.318	4.0196	0.32124	4.025	0.324	4.0632	0.348
4.0114	0.318	4.0226	0.32166	4.029	0.325	4.0872	0.352
4.017	0.318	4.0264	0.32182	4.0346	0.325	4.1252	0.363
4.017	0.318	4.034	0.32232	4.0436	0.326	4.131	0.365
4.017	0.318	4.039	0.32322	4.0494	0.327	4.1552	0.374
4.0226	0.319	4.0452	0.32424	4.0582	0.328	4.1754	0.382
4.027	0.319	4.0552	0.3256	4.0718	0.331	4.179	0.384
4.0284	0.319	4.0566	0.3257	4.0726	0.331	4.2192	0.404
4.0304	0.319	4.0572	0.3259	4.0742	0.331	4.2272	0.408
4.034	0.32	4.0678	0.32774	4.0872	0.334	4.264	0.429
4.0366	0.32	4.0744	0.32928	4.0932	0.336	4.2708	0.433
4.0396	0.32	4.0792	0.3305	4.1018	0.338	4.2796	0.438
4.0446	0.321	4.0894	0.33268	4.1128	0.341	4.302	0.452
4.0454	0.321	4.0904	0.33288	4.1162	0.343	4.3162	0.461
4.0458	0.321	4.091	0.33304	4.1266	0.346	4.3262	0.468
4.051	0.322	4.1018	0.33572	4.1308	0.347	4.3372	0.475
4.0548	0.323	4.1066	0.3373	4.1322	0.347	4.3496	0.483
4.0566	0.323	4.113	0.33932	4.1452	0.352	4.3708	0.498
4.0598	0.324	4.1214	0.34202	4.1502	0.354	4.3936	0.512
4.0624	0.324	4.1244	0.34308	4.1598	0.358	4.407	0.521
4.0636	0.324	4.1338	0.34612	4.1674	0.361	4.414	0.525
4.068	0.325	4.1356	0.34666	4.1742	0.364	4.4478	0.547
4.0722	0.326	4.1362	0.34688	4.184	0.369	4.4564	0.552
4.0736	0.326	4.147	0.3507	4.1888	0.371	4.459	0.554
4.0766	0.327	4.1502	0.35212	4.2004	0.377	4.503	0.581
4.0794	0.328	4.1582	0.35534	4.2034	0.378	4.5174	0.589
4.0806	0.328	4.1636	0.35772	4.2162	0.385	4.5524	0.607
4.085	0.329	4.1694	0.3603	4.2178	0.386	4.5746	0.618
4.0888	0.33	4.1766	0.36354	4.2322	0.394	4.601	0.631
4.0906	0.33	4.1806	0.36546	4.2324	0.394	4.6298	0.643
4.095	0.331	4.1894	0.36952	4.2498	0.404	4.6496	0.651
4.0964	0.332	4.1918	0.37078	4.2498	0.404	4.685	0.664
4.0968	0.332	4.2018	0.37558	4.25	0.404	4.7028	0.671
4.102	0.333	4.203	0.37626	4.2646	0.412	4.7432	0.683
4.1046	0.334	4.2138	0.38174	4.2732	0.418	4.7568	0.687
4.1076	0.335	4.214	0.3819	4.2762	0.42	4.797	0.697
4.1124	0.336	4.2178	0.38392	4.2804	0.422	4.8096	0.7
4.1134	0.337	4.225	0.38772	4.2882	0.427	4.8512	0.707
4.1164	0.338	4.2256	0.388	4.2944	0.431	4.8652	0.709
4.119	0.338	4.2358	0.3937	4.2998	0.435	4.9066	0.714
4.1198	0.339	4.2368	0.39426	4.3056	0.439	4.9216	0.716
4.1246	0.34	4.2466	0.39994	4.3116	0.442	4.9634	0.718
4.1272	0.341	4.248	0.40076	4.316	0.446	4.9768	0.719
4.1304	0.342	4.2582	0.40698	4.3214	0.45	5.0226	0.719
4.1344	0.344	4.2582	0.40702	4.3304	0.456	5.0346	0.718
4.136	0.344	4.2594	0.40772	4.3326	0.457	5.0782	0.716
4.1416	0.346	4.2692	0.41384	4.3384	0.461	5.0912	0.714
4.1416	0.346	4.2696	0.41414	4.3448	0.465	5.1348	0.709
4.142	0.346	4.2704	0.41456	4.348	0.467	5.1462	0.707
4.1474	0.348	4.2804	0.4208	4.3578	0.474	5.1908	0.699
4.1486	0.349	4.2874	0.42526	4.3686	0.482	5.203	0.696
4.153	0.351	4.2888	0.42602	4.3712	0.484	5.248	0.685
4.1554	0.352	4.2906	0.42732	4.3762	0.487	5.2596	0.681
4.1586	0.353	4.2968	0.43162	4.3848	0.492	5.3036	0.667
4.1622	0.354	4.3012	0.4343	4.3892	0.495	5.3172	0.663
4.1644	0.355	4.3048	0.43644	4.3986	0.502	5.3574	0.647
4.169	0.357	4.3084	0.43896	4.4084	0.509	5.3756	0.639
4.17	0.358	4.3122	0.44162	4.4122	0.511	5.4094	0.624
4.1756	0.36	4.3156	0.44386	4.4206	0.517	5.4386	0.61
4.1756	0.36	4.3196	0.44634	4.4258	0.52	5.4614	0.598
4.1762	0.361	4.3238	0.4493	4.428	0.521	5.4966	0.579
4.1814	0.363	4.327	0.45174	4.4394	0.529	5.5064	0.573
4.182	0.363	4.3314	0.45454	4.4464	0.534	5.5244	0.562
4.187	0.366	4.335	0.45672	4.4532	0.538	5.5476	0.547
4.1884	0.366	4.3386	0.45934	4.4654	0.546	5.5592	0.54
4.1926	0.368	4.3436	0.4631	4.4676	0.548	5.5906	0.518
4.1948	0.369	4.3468	0.46506	4.4718	0.55	5.6042	0.509
4.1982	0.371	4.3536	0.46974	4.4818	0.556	5.624	0.496
4.201	0.372	4.3556	0.47132	4.4868	0.559	5.641	0.484
4.204	0.374	4.3602	0.47416	4.4966	0.565	5.663	0.469
4.2072	0.376	4.3646	0.477	4.5028	0.569	5.6698	0.464
4.2096	0.377	4.367	0.47878	4.5108	0.574	5.6924	0.45
4.2134	0.379	4.3734	0.48328	4.5198	0.579	5.694	0.449
4.2152	0.38	4.3798	0.48776	4.5252	0.582	5.7138	0.434
4.2194	0.382	4.3822	0.48962	4.5374	0.589	5.7248	0.427
4.2208	0.383	4.387	0.49264	4.5396	0.59	5.7384	0.419
4.2254	0.385	4.3912	0.49526	4.549	0.595	5.7626	0.405
4.2264	0.386	4.3934	0.4969	4.5542	0.598	5.7788	0.396
4.2312	0.388	4.4006	0.502	4.5554	0.598	5.808	0.38
4.232	0.389	4.4066	0.5061	4.569	0.605	5.8228	0.374
4.2374	0.392	4.4106	0.50886	4.5732	0.608	5.8632	0.359
4.2378	0.392	4.4176	0.51346	4.5838	0.613	5.867	0.358
4.2434	0.395	4.4194	0.51484	4.5908	0.617	5.8792	0.354
4.2434	0.395	4.425	0.51842	4.5988	0.621	5.9112	0.346
4.2434	0.395	4.4282	0.52038	4.6082	0.625	5.9282	0.344
4.248	0.398	4.4294	0.5212	4.6138	0.628	5.9556	0.342
4.2494	0.399	4.4372	0.52634	4.6254	0.633	5.9888	0.34
4.2522	0.401	4.4406	0.52862	4.629	0.635	6	0.34
4.2548	0.402	4.446	0.53234	4.6432	0.641		
4.256	0.403	4.4522	0.53634	4.6444	0.641		
4.2592	0.405	4.4556	0.53874	4.6514	0.644		
4.26	0.405	4.465	0.54456	4.6598	0.647		
4.2604	0.406	4.4656	0.54506	4.6612	0.648		
4.2642	0.408	4.4678	0.54624	4.6754	0.653		
4.268	0.41	4.476	0.55114	4.679	0.655		
4.2686	0.411	4.4802	0.55396	4.691	0.659		
4.2692	0.411	4.4858	0.55766	4.6964	0.661		
4.273	0.413	4.4896	0.55986	4.707	0.665		
4.276	0.415	4.4968	0.5643	4.714	0.667		
4.2774	0.416	4.5008	0.56674	4.723	0.67		
4.2796	0.417	4.509	0.57164	4.7318	0.673		
4.282	0.419	4.5108	0.57276	4.739	0.675		
4.2834	0.42	4.517	0.57616	4.7494	0.678		
4.2864	0.422	4.5202	0.57788	4.7548	0.68		
4.2908	0.425	4.521	0.57846	4.7668	0.683		
4.2908	0.425	4.529	0.58294	4.7712	0.684		
4.291	0.425	4.5318	0.58442	4.7842	0.688		
4.2952	0.428	4.5386	0.58822	4.7874	0.689		
4.298	0.429	4.5424	0.59044	4.8018	0.692		
4.2996	0.431	4.5486	0.59384	4.8038	0.692		
4.302	0.432	4.555	0.59742	4.8196	0.696		
4.304	0.433	4.5594	0.60002	4.8202	0.696		
4.3054	0.434	4.5684	0.6047	4.8304	0.698		
4.3082	0.436	4.571	0.60608	4.8368	0.699		
4.312	0.439	4.5824	0.61164	4.8372	0.699		
4.3126	0.439	4.5832	0.61214	4.8534	0.702		
4.313	0.439	4.5878	0.61432	4.8552	0.702		
4.3168	0.442	4.5954	0.61782	4.87	0.704		
4.3208	0.445	4.5968	0.61856	4.8728	0.705		
4.321	0.445	4.6074	0.6235	4.8868	0.706		
4.3212	0.445	4.611	0.62532	4.8902	0.707		
4.3252	0.448	4.6196	0.62922	4.9038	0.708		
4.3286	0.45	4.625	0.63172	4.9076	0.709		
4.3292	0.45	4.6318	0.63478	4.9208	0.71		
4.3298	0.451	4.639	0.63798	4.9248	0.71		
4.3332	0.453	4.6438	0.64014	4.9378	0.711		
4.3362	0.455	4.656	0.645	4.942	0.712		
4.3372	0.456	4.6566	0.6452	4.9548	0.713		
4.3384	0.457	4.6568	0.64532	4.9594	0.713		
4.3414	0.459	4.66	0.64666	4.9718	0.713		
4.3438	0.46	4.6694	0.65046	4.9766	0.713		
4.3454	0.461	4.67	0.65074	4.989	0.714		
4.3472	0.463	4.6814	0.65498	4.9938	0.714		
4.3496	0.464	4.6826	0.65538	5.0062	0.714		
4.3516	0.466	4.6826	0.65542	5.011	0.714		
4.3536	0.467	4.6944	0.6596	5.0236	0.713		
4.3558	0.469	4.6962	0.66028	5.0282	0.713		
4.3578	0.47	4.7062	0.6637	5.0408	0.713		
4.36	0.471	4.711	0.66546	5.0452	0.713		
4.362	0.473	4.717	0.6676	5.0582	0.712		
4.3636	0.474	4.7222	0.66918	5.0624	0.711		
4.3662	0.476	4.7282	0.67106	5.0756	0.71		
4.3688	0.478	4.7346	0.67308	5.0796	0.71		
4.3702	0.479	4.7404	0.67482	5.0928	0.709		
4.3722	0.48	4.747	0.67684	5.0966	0.708		
4.375	0.482	4.754	0.6789	5.1104	0.707		
4.3762	0.483	4.76	0.68062	5.1136	0.706		
4.3776	0.484	4.768	0.68282	5.128	0.704		
4.3804	0.486	4.773	0.6842	5.1304	0.704		
4.3828	0.487	4.7822	0.68652	5.1456	0.702		
4.385	0.489	4.7862	0.68754	5.147	0.702		
4.3868	0.49	4.7964	0.68996	5.1632	0.699		
4.3902	0.492	4.7994	0.6907	5.1638	0.699		
4.3944	0.495	4.8108	0.69318	5.175	0.696		
4.395	0.496	4.8128	0.69362	5.1806	0.695		
4.3956	0.496	4.825	0.6961	5.181	0.695		
4.399	0.498	4.8262	0.69634	5.1974	0.692		
4.402	0.5	4.8394	0.69876	5.1984	0.692		
4.4032	0.501	4.8398	0.69884	5.2138	0.688		
4.4052	0.503	4.8476	0.70016	5.216	0.687		
4.408	0.505	4.8532	0.70112	5.2298	0.684		
4.4092	0.505	4.8536	0.70118	5.2338	0.683		
4.413	0.508	4.8668	0.7032	5.2458	0.68		
4.4134	0.508	4.8678	0.70336	5.2514	0.678		
4.4162	0.51	4.8804	0.7051	5.2618	0.675		
4.4182	0.512	4.882	0.70534	5.269	0.673		
4.4208	0.513	4.894	0.70682	5.2776	0.67		
4.4248	0.516	4.8964	0.7071	5.2864	0.667		
4.4254	0.516	4.9078	0.70834	5.2936	0.664		
4.4266	0.517	4.9106	0.70864	5.3038	0.661		
4.4298	0.519	4.9216	0.70966	5.3094	0.659		
4.4322	0.521	4.925	0.70996	5.3212	0.654		
4.4342	0.522	4.9354	0.71078	5.3252	0.653		
4.436	0.523	4.9392	0.71106	5.339	0.647		
4.4378	0.525	4.9492	0.71168	5.341	0.646		
4.4406	0.526	4.9534	0.71192	5.3562	0.64		
4.4422	0.528	4.963	0.71236	5.3566	0.64		
4.4444	0.529	4.9676	0.71256	5.3568	0.64		
4.4482	0.532	4.977	0.71284	5.3722	0.633		
4.449	0.532	4.9818	0.71296	5.3744	0.632		
4.45	0.533	4.991	0.7131	5.3874	0.626		
4.4532	0.535	4.9958	0.71314	5.3916	0.624		
4.456	0.537	5.005	0.71314	5.4024	0.619		
4.4566	0.537	5.0098	0.71308	5.4092	0.616		
4.4578	0.538	5.019	0.71294	5.4172	0.611		
4.4604	0.54	5.0238	0.71282	5.4264	0.607		
4.4618	0.54	5.0332	0.71252	5.4318	0.604		
4.4644	0.542	5.0374	0.71234	5.4436	0.597		
4.4678	0.544	5.0472	0.71188	5.4468	0.595		
4.4686	0.545	5.0512	0.71164	5.4608	0.588		
4.4698	0.546	5.0612	0.71102	5.4616	0.587		
4.4724	0.547	5.0652	0.71074	5.4646	0.586		
4.4738	0.548	5.0754	0.70994	5.4758	0.579		
4.4766	0.55	5.079	0.7096	5.479	0.577		
4.4808	0.552	5.0894	0.70862	5.49	0.571		
4.4812	0.553	5.0928	0.70826	5.4964	0.567		
4.4816	0.553	5.1036	0.70706	5.504	0.562		
4.4846	0.555	5.107	0.70664	5.5134	0.556		
4.4864	0.556	5.1176	0.70532	5.5178	0.553		
4.4866	0.556	5.1208	0.70486	5.531	0.544		
4.4876	0.557	5.132	0.7033	5.532	0.544		
4.491	0.559	5.134	0.703	5.5362	0.541		
4.4914	0.559	5.1464	0.70108	5.5464	0.534		
4.4948	0.561	5.1474	0.70094	5.549	0.532		
4.4958	0.562	5.1602	0.69874	5.5612	0.524		
4.4988	0.563	5.1608	0.69866	5.567	0.52		
4.5028	0.566	5.1608	0.69864	5.5738	0.515		
4.5032	0.566	5.1742	0.69614	5.585	0.507		
4.5032	0.566	5.175	0.69596	5.5868	0.506		
4.5078	0.569	5.1876	0.69342	5.593	0.501		
4.5096	0.57	5.1894	0.69304	5.599	0.497		
4.5128	0.572	5.201	0.69048	5.6004	0.496		
4.5154	0.573	5.2036	0.68982	5.6106	0.489		
4.5174	0.575	5.2142	0.68728	5.612	0.488		
4.519	0.576	5.2178	0.68638	5.6194	0.482		
4.5226	0.578	5.228	0.68374	5.627	0.476		
4.5228	0.578	5.232	0.68274	5.63	0.473		
4.5236	0.578	5.2418	0.68006	5.6368	0.469		
4.527	0.58	5.2466	0.67854	5.6422	0.466		
4.5306	0.582	5.2546	0.67616	5.644	0.464		
4.5312	0.583	5.2612	0.67412	5.6552	0.455		
4.5316	0.583	5.2674	0.67216	5.6596	0.453		
4.5352	0.585	5.2754	0.6696	5.6678	0.446		
4.5382	0.586	5.2804	0.6679	5.6706	0.444		
4.5392	0.587	5.289	0.665	5.6738	0.442		
4.5404	0.588	5.293	0.66358	5.6812	0.436		
4.5434	0.589	5.3032	0.66	5.6866	0.433		
4.547	0.591	5.3054	0.65916	5.6936	0.429		
4.5474	0.592	5.3176	0.65484	5.7026	0.42		
4.5508	0.593	5.318	0.6547	5.7036	0.419		
4.5512	0.594	5.3204	0.65376	5.7054	0.418		
4.5542	0.595	5.3306	0.64994	5.7162	0.414		
4.5574	0.597	5.3318	0.64938	5.723	0.408		
4.5586	0.598	5.3432	0.64492	5.7266	0.405		
4.5616	0.599	5.346	0.64362	5.7388	0.397		
4.563	0.6	5.3556	0.63958	5.7396	0.397		
4.5634	0.6	5.3602	0.63754	5.7414	0.396		
4.5674	0.602	5.3682	0.63402	5.7532	0.39		
4.5692	0.603	5.3742	0.63118	5.7576	0.387		
4.5722	0.605	5.3806	0.62824	5.7684	0.38		
4.5748	0.606	5.3882	0.62462	5.7734	0.378		
4.5774	0.607	5.3932	0.6222	5.7826	0.373		
4.5794	0.608	5.4022	0.61776	5.7886	0.369		
4.582	0.61	5.4054	0.6161	5.7972	0.365		
4.5838	0.611	5.4168	0.6105	5.8048	0.362		
4.5862	0.612	5.4174	0.61022	5.8116	0.359		
4.5882	0.613	5.42	0.60886	5.8214	0.354		
4.5904	0.614	5.4292	0.60414	5.826	0.352		
4.5936	0.615	5.431	0.6032	5.8392	0.347		
4.5946	0.616	5.4416	0.5976	5.8404	0.347		
4.597	0.617	5.4448	0.59576	5.844	0.346		
4.5986	0.618	5.4536	0.59076	5.8548	0.342		
4.5996	0.618	5.4586	0.58792	5.858	0.341		
4.603	0.62	5.4646	0.58442	5.8692	0.338		
4.6058	0.621	5.4712	0.58022	5.8776	0.335		
4.6062	0.622	5.4748	0.57792	5.8838	0.334		
4.61	0.623	5.4824	0.57374	5.8976	0.331		
4.6108	0.624	5.4846	0.57262	5.8982	0.331		
4.6146	0.625	5.4928	0.56728	5.8986	0.331		
4.6148	0.626	5.4936	0.56672	5.9128	0.328		
4.619	0.627	5.4968	0.56472	5.921	0.326		
4.6202	0.628	5.5024	0.56132	5.9274	0.325		
4.6228	0.629	5.5038	0.5605	5.937	0.324		
4.6244	0.63	5.5112	0.55664	5.9418	0.324		
4.6272	0.631	5.515	0.55346	5.9454	0.324		
4.6308	0.633	5.5196	0.54966	5.9564	0.322		
4.6318	0.633	5.5248	0.54686	5.9702	0.322		
4.6342	0.634	5.529	0.54466	5.971	0.322		
4.6362	0.635	5.5356	0.53998	5.9716	0.322		
4.6372	0.636	5.5388	0.5373	5.9854	0.322		
4.6408	0.637	5.545	0.53272	5.9992	0.322		
4.6438	0.638	5.5464	0.53178	6	0.322		
4.6456	0.639	5.548	0.53124				
4.6496	0.641	5.5552	0.52844				
4.6502	0.641	5.5584	0.52474				
4.6504	0.641	5.5626	0.51994				
4.655	0.643	5.5672	0.51744				
4.6574	0.644	5.572	0.51536				
4.6602	0.645	5.5786	0.51064				
4.6644	0.647	5.5808	0.5085				
4.6664	0.648	5.5892	0.50194				
4.6678	0.648	5.5898	0.50148				
4.672	0.65	5.5912	0.5007				
4.6744	0.651	5.5992	0.49616				
4.677	0.652	5.602	0.49336				
4.6802	0.653	5.6074	0.48838				
4.682	0.654	5.6132	0.48506				
4.6856	0.655	5.617	0.4827				
4.6884	0.656	5.624	0.47626				
4.69	0.657	5.6256	0.47482				
4.692	0.657	5.6284	0.47342				
4.6944	0.658	5.6346	0.46998				
4.6978	0.66	5.6386	0.46602				
4.6992	0.66	5.6416	0.4631				
4.7	0.66	5.6494	0.45836				
4.704	0.662	5.65	0.45794				
4.7076	0.663	5.6526	0.45586				
4.709	0.663	5.6584	0.4511				
4.7112	0.664	5.6598	0.45008				
4.7138	0.665	5.6676	0.44494				
4.7148	0.665	5.6724	0.44122				
4.7192	0.667	5.6772	0.4373				
4.72	0.667	5.6842	0.43248				
4.724	0.668	5.6864	0.43106				
4.7254	0.669	5.6886	0.42958				
4.7288	0.67	5.6948	0.42548				
4.731	0.671	5.7012	0.41998				
4.7334	0.671	5.7022	0.41904				
4.7372	0.673	5.7044	0.41798				
4.7392	0.673	5.7116	0.41438				
4.7426	0.674	5.715	0.4115				
4.7446	0.675	5.7204	0.40718				
4.7482	0.676	5.7274	0.40302				
4.7502	0.676	5.7304	0.40134				
4.7542	0.678	5.7368	0.39748				
4.7556	0.678	5.7422	0.39336				
4.7602	0.679	5.744	0.39224				
4.761	0.679	5.7456	0.39134				
4.7662	0.681	5.7518	0.38822				
4.7662	0.681	5.76	0.38342				
4.767	0.681	5.7614	0.38276				
4.7712	0.682	5.762	0.38238				
4.7718	0.682	5.7734	0.3758				
4.7766	0.684	5.7744	0.37536				
4.7776	0.684	5.7852	0.36984				
4.7824	0.685	5.7868	0.36892				
4.7834	0.685	5.7968	0.364				
4.7886	0.687	5.7994	0.36268				
4.7896	0.687	5.808	0.35888				
4.7948	0.688	5.8124	0.3568				
4.7962	0.689	5.8192	0.35372				
4.8006	0.689	5.8256	0.3511				
4.8008	0.69	5.8306	0.34902				
4.801	0.69	5.8394	0.34568				
4.805	0.691	5.8418	0.34466				
4.8072	0.691	5.8504	0.34192				
4.8104	0.692	5.853	0.3411				
4.8128	0.692	5.8538	0.34078				
4.8154	0.693	5.8644	0.33762				
4.8184	0.693	5.869	0.33612				
4.8212	0.694	5.8756	0.3341				
4.8238	0.695	5.8844	0.3318				
4.827	0.695	5.887	0.33102				
4.829	0.696	5.8924	0.33004				
4.8322	0.696	5.8982	0.32892				
4.834	0.697	5.9012	0.32816				
4.8368	0.697	5.9096	0.32642				
4.8406	0.698	5.9184	0.32486				
4.8424	0.698	5.9208	0.32428				
4.847	0.699	5.9248	0.32394				
4.8484	0.699	5.9322	0.32314				
4.8534	0.7	5.937	0.32236				
4.8544	0.7	5.9434	0.32142				
4.86	0.701	5.9524	0.32086				
4.8606	0.701	5.9548	0.3208				
4.8662	0.702	5.9566	0.32056				
4.8666	0.702	5.966	0.31992				
4.8694	0.702	5.977	0.31962				
4.8728	0.703	5.9774	0.31964				
4.8732	0.703	5.9776	0.31962				
4.875	0.703	5.9886	0.31956				
4.8794	0.704	5.9994	0.31982				
4.8806	0.704	6	0.3199				
4.8862	0.705						
4.887	0.705						
4.8922	0.706						
4.8926	0.706						
4.8972	0.706						
4.8986	0.706						
4.8988	0.706						
4.9036	0.707						
4.905	0.707						
4.909	0.707						
4.9114	0.708						
4.9148	0.708						
4.916	0.708						
4.9204	0.709						
4.9214	0.709						
4.9258	0.709						
4.927	0.709						
4.9318	0.71						
4.9332	0.71						
4.9378	0.71						
4.9396	0.71						
4.944	0.71						
4.9468	0.711						
4.9508	0.711						
4.9542	0.711						
4.958	0.711						
4.9614	0.711						
4.9652	0.711						
4.9682	0.712						
4.9716	0.712						
4.9746	0.712						
4.978	0.712						
4.9806	0.712						
4.9842	0.712						
4.987	0.712						
4.9908	0.712						
4.9938	0.712						
4.998	0.712						
5.0008	0.712						
5.0052	0.712						
5.0082	0.712						
5.0122	0.712						
5.014	0.712						
5.018	0.712						
5.02	0.712						
5.0236	0.712						
5.0262	0.712						
5.0298	0.712						
5.0332	0.711						
5.0362	0.711						
5.0392	0.711						
5.0414	0.711						
5.044	0.711						
5.0472	0.711						
5.0492	0.711						
5.0528	0.711						
5.0546	0.71						
5.0586	0.71						
5.06	0.71						
5.0642	0.71						
5.0656	0.71						
5.07	0.709						
5.0714	0.709						
5.0758	0.709						
5.0772	0.709						
5.0818	0.708						
5.0828	0.708						
5.0878	0.708						
5.0888	0.708						
5.0938	0.707						
5.0946	0.707						
5.1	0.706						
5.1006	0.706						
5.106	0.706						
5.1066	0.706						
5.112	0.705						
5.1128	0.705						
5.1182	0.704						
5.1198	0.704						
5.1254	0.703						
5.1258	0.703						
5.1314	0.702						
5.1318	0.702						
5.1318	0.702						
5.1376	0.701						
5.1378	0.701						
5.1436	0.7						
5.144	0.7						
5.1496	0.699						
5.1508	0.699						
5.1546	0.698						
5.1562	0.698						
5.1588	0.698						
5.1606	0.697						
5.164	0.697						
5.167	0.696						
5.169	0.696						
5.1726	0.695						
5.1738	0.695						
5.1776	0.694						
5.178	0.694						
5.1814	0.693						
5.1828	0.693						
5.1858	0.692						
5.1876	0.692						
5.1902	0.691						
5.1932	0.691						
5.1944	0.691						
5.1966	0.69						
5.1974	0.69						
5.201	0.689						
5.2012	0.689						
5.2022	0.689						
5.2052	0.688						
5.2056	0.688						
5.21	0.687						
5.2112	0.687						
5.2158	0.685						
5.2174	0.685						
5.2198	0.684						
5.2224	0.684						
5.2268	0.683						
5.2274	0.682						
5.232	0.681						
5.232	0.681						
5.2334	0.681						
5.2372	0.68						
5.2374	0.68						
5.2386	0.679						
5.2426	0.678						
5.2432	0.678						
5.2476	0.677						
5.2488	0.676						
5.2526	0.675						
5.254	0.675						
5.2576	0.674						
5.2594	0.673						
5.263	0.672						
5.265	0.672						
5.2686	0.67						
5.2706	0.67						
5.2742	0.669						
5.2762	0.668						
5.2806	0.666						
5.2822	0.666						
5.285	0.665						
5.2864	0.665						
5.29	0.663						
5.29	0.663						
5.2948	0.662						
5.2952	0.662						
5.2992	0.66						
5.2998	0.66						
5.3042	0.658						
5.305	0.658						
5.31	0.656						
5.31	0.656						
5.31	0.656						
5.3144	0.655						
5.3156	0.654						
5.3186	0.653						
5.3204	0.652						
5.3232	0.651						
5.3266	0.65						
5.3286	0.649						
5.3312	0.648						
5.334	0.647						
5.3362	0.646						
5.3398	0.645						
5.341	0.644						
5.3456	0.642						
5.3458	0.642						
5.3482	0.641						
5.3508	0.64						
5.3514	0.64						
5.3558	0.638						
5.3574	0.637						
5.361	0.636						
5.3634	0.634						
5.365	0.634						
5.368	0.632						
5.3696	0.632						
5.373	0.63						
5.3742	0.63						
5.3792	0.627						
5.3796	0.627						
5.38	0.627						
5.3844	0.625						
5.3868	0.624						
5.3888	0.623						
5.3916	0.621						
5.3938	0.62						
5.3964	0.619						
5.399	0.618						
5.4008	0.617						
5.403	0.616						
5.4048	0.615						
5.4062	0.614						
5.4072	0.614						
5.41	0.612						
5.4126	0.611						
5.4146	0.61						
5.4182	0.608						
5.4202	0.607						
5.4236	0.605						
5.4256	0.604						
5.4288	0.603						
5.4312	0.601						
5.434	0.6						
5.4366	0.598						
5.4392	0.597						
5.442	0.595						
5.444	0.594						
5.446	0.593						
5.4474	0.592						
5.4502	0.591						
5.4526	0.589						
5.4548	0.588						
5.4578	0.587						
5.4596	0.585						
5.463	0.583						
5.4646	0.582						
5.4678	0.581						
5.4694	0.58						
5.4718	0.578						
5.4746	0.577						
5.4758	0.576						
5.4764	0.576						
5.481	0.573						
5.4818	0.572						
5.4864	0.57						
5.4872	0.569						
5.491	0.567						
5.4924	0.566						
5.4948	0.564						
5.4968	0.563						
5.4994	0.561						
5.5012	0.56						
5.504	0.558						
5.506	0.557						
5.5094	0.555						
5.5108	0.554						
5.513	0.553						
5.5156	0.551						
5.5172	0.55						
5.5204	0.548						
5.523	0.546						
5.5254	0.544						
5.5282	0.542						
5.5302	0.541						
5.5332	0.539						
5.535	0.538						
5.538	0.536						
5.5398	0.535						
5.5428	0.533						
5.5446	0.531						
5.5476	0.529						
5.5494	0.528						
5.5524	0.526						
5.5542	0.525						
5.5574	0.523						
5.559	0.521						
5.5628	0.519						
5.5636	0.518						
5.565	0.517						
5.568	0.515						
5.5702	0.514						
5.5726	0.512						
5.5754	0.51						
5.5774	0.508						
5.5808	0.506						
5.5822	0.505						
5.5862	0.502						
5.5868	0.501						
5.5874	0.501						
5.5912	0.498						
5.5942	0.496						
5.5952	0.495						
5.5992	0.493						
5.5996	0.492						
5.604	0.489						
5.6044	0.489						
5.6044	0.488						
5.6046	0.488						
5.609	0.485						
5.611	0.484						
5.6116	0.483						
5.6146	0.481						
5.6146	0.481						
5.6186	0.478						
5.6192	0.478						
5.623	0.475						
5.6244	0.474						
5.6274	0.471						
5.6296	0.47						
5.632	0.468						
5.635	0.466						
5.6366	0.465						
5.6402	0.462						
5.6412	0.461						
5.6456	0.458						
5.646	0.458						
5.6488	0.456						
5.6506	0.454						
5.651	0.454						
5.6552	0.451						
5.6562	0.45						
5.6596	0.448						
5.6614	0.446						
5.6642	0.444						
5.6668	0.442						
5.6686	0.441						
5.6724	0.438						
5.6732	0.438						
5.6762	0.436						
5.6776	0.434						
5.678	0.434						
5.6822	0.431						
5.684	0.43						
5.6868	0.428						
5.69	0.426						
5.6912	0.425						
5.6952	0.422						
5.6958	0.422						
5.696	0.422						
5.7002	0.418						
5.702	0.417						
5.7048	0.415						
5.7084	0.413						
5.7094	0.412						
5.712	0.41						
5.714	0.409						
5.7146	0.409						
5.7186	0.406						
5.7212	0.404						
5.7232	0.403						
5.7276	0.4						
5.7278	0.4						
5.7278	0.4						
5.7324	0.397						
5.7346	0.396						
5.7372	0.394						
5.7416	0.391						
5.7418	0.391						
5.7422	0.391						
5.7464	0.388						
5.749	0.387						
5.751	0.386						
5.7548	0.383						
5.7564	0.382						
5.757	0.382						
5.7624	0.379						
5.7632	0.378						
5.768	0.376						
5.7692	0.375						
5.7734	0.373						
5.7754	0.372						
5.779	0.37						
5.7814	0.369						
5.7848	0.367						
5.7876	0.365						
5.7904	0.364						
5.794	0.362						
5.796	0.361						
5.8004	0.359						
5.8016	0.359						
5.8068	0.356						
5.8074	0.356						
5.811	0.354						
5.813	0.354						
5.8134	0.353						
5.8186	0.351						
5.82	0.351						
5.8244	0.349						
5.8268	0.348						
5.83	0.347						
5.8338	0.345						
5.8356	0.344						
5.841	0.342						
5.8414	0.342						
5.843	0.342						
5.847	0.34						
5.8482	0.34						
5.8526	0.338						
5.8556	0.337						
5.8584	0.337						
5.863	0.335						
5.864	0.335						
5.8668	0.334						
5.8696	0.333						
5.8708	0.333						
5.8754	0.332						
5.8786	0.331						
5.881	0.33						
5.8866	0.329						
5.8866	0.329						
5.8866	0.329						
5.8924	0.327						
5.895	0.327						
5.898	0.326						
5.9034	0.325						
5.9036	0.325						
5.9042	0.325						
5.9094	0.324						
5.912	0.323						
5.915	0.323						
5.92	0.322						
5.9206	0.322						
5.921	0.322						
5.9264	0.321						
5.9302	0.321						
5.932	0.32						
5.9346	0.32						
5.9376	0.32						
5.9398	0.319						
5.9434	0.319						
5.9484	0.319						
5.949	0.319						
5.9496	0.319						
5.9546	0.318						
5.9596	0.318						
5.9604	0.318						
5.9612	0.318						
5.966	0.317						
5.9702	0.317						
5.9716	0.317						
5.9734	0.317						
5.9774	0.317						
5.9812	0.317						
5.983	0.317						
5.985	0.317						
5.9886	0.317						
5.9926	0.317						
5.9944	0.317						
5.996	0.317						
6	0.317						
