0.0039511       0.0057500      0.50000
0.0039713       0.0057203      0.50000
0.0040000       0.0057062      0.50000
0.0040126       0.0057078      0.50000
0.0040405       0.0057065      0.50000
0.0040596       0.0057132      0.50000
0.0040810       0.0057239      0.50000
0.0041032       0.0057363      0.50000
0.0041215       0.0057495      0.50000
0.0041406       0.0057632      0.50000
0.0041619       0.0057794      0.50000
0.0041771       0.0057907      0.50000
0.0042024       0.0058099      0.50000
0.0042137       0.0058180      0.50000
0.0042429       0.0058394      0.50000
0.0042510       0.0058450      0.50000
0.0042834       0.0058676      0.50000
0.0042892       0.0058714      0.50000
0.0043239       0.0058940      0.50000
0.0043287       0.0058970      0.50000
0.0043644       0.0059187      0.50000
0.0043696       0.0059218      0.50000
0.0044049       0.0059416      0.50000
0.0044120       0.0059456      0.50000
0.0044454       0.0059630      0.50000
0.0044559       0.0059685      0.50000
0.0044858       0.0059831      0.50000
0.0045011       0.0059906      0.50000
0.0045263       0.0060022      0.50000
0.0045478       0.0060118      0.50000
0.0045668       0.0060201      0.50000
0.0045962       0.0060319      0.50000
0.0046073       0.0060366      0.50000
0.0046471       0.0060504      0.50000
0.0046478       0.0060507      0.50000
0.0046498       0.0060513      0.50000
0.0046883       0.0060633      0.50000
0.0047002       0.0060676      0.50000
0.0047288       0.0060766      0.50000
0.0047542       0.0060843      0.50000
0.0047692       0.0060891      0.50000
0.0048056       0.0060975      0.50000
0.0048097       0.0060983      0.50000
0.0048115       0.0060989      0.50000
0.0048500       0.0061071      0.50000
0.0048708       0.0061121      0.50000
0.0048903       0.0061168      0.50000
0.0049262       0.0061223      0.50000
0.0049303       0.0061227      0.50000
0.0049328       0.0061233      0.50000
0.0049703       0.0061286      0.50000
0.0049976       0.0061327      0.50000
0.0050101       0.0061350      0.50000
0.0050277       0.0061358      0.50000
0.0050498       0.0061370      0.50000
0.0050708       0.0061394      0.50000
0.0050912       0.0061415      0.50000
0.0051031       0.0061417      0.50000
0.0051290       0.0061427      0.50000
0.0051352       0.0061430      0.50000
0.0051573       0.0061435      0.50000
0.0051820       0.0061431      0.50000
0.0051910       0.0061426      0.50000
0.0051998       0.0061428      0.50000
0.0052301       0.0061424      0.50000
0.0052709       0.0061402      0.50000
0.0052711       0.0061401      0.50000
0.0052714       0.0061401      0.50000
0.0053140       0.0061367      0.50000
0.0053587       0.0061317      0.50000
0.0053612       0.0061313      0.50000
0.0053629       0.0061312      0.50000
0.0053900       0.0061275      0.50000
0.0054005       0.0061261      0.50000
0.0054014       0.0061259      0.50000
0.0054306       0.0061213      0.50000
0.0054609       0.0061154      0.50000
0.0054689       0.0061137      0.50000
0.0054787       0.0061120      0.50000
0.0055069       0.0061067      0.50000
0.0055328       0.0061002      0.50000
0.0055488       0.0060962      0.50000
0.0055778       0.0060892      0.50000
0.0055870       0.0060871      0.50000
0.0055898       0.0060862      0.50000
0.0056255       0.0060763      0.50000
0.0056301       0.0060753      0.50000
0.0056374       0.0060728      0.50000
0.0056647       0.0060647      0.50000
0.0056902       0.0060571      0.50000
0.0056994       0.0060540      0.50000
0.0057102       0.0060510      0.50000
0.0057322       0.0060443      0.50000
0.0057576       0.0060355      0.50000
0.0057636       0.0060329      0.50000
0.0057702       0.0060312      0.50000
0.0057976       0.0060227      0.50000
0.0058174       0.0060153      0.50000
0.0058254       0.0060123      0.50000
0.0058508       0.0060035      0.50000
0.0058548       0.0060020      0.50000
0.0058909       0.0059892      0.50000
0.0058949       0.0059876      0.50000
0.0059052       0.0059844      0.50000
0.0059270       0.0059769      0.50000
0.0059350       0.0059740      0.50000
0.0059530       0.0059675      0.50000
0.0059668       0.0059625      0.50000
0.0059834       0.0059566      0.50000
0.0060009       0.0059504      0.50000
0.0060152       0.0059452      0.50000
0.0060365       0.0059376      0.50000
0.0060463       0.0059336      0.50000
0.0060627       0.0059287      0.50000
0.0060758       0.0059246      0.50000
0.0061023       0.0059155      0.50000
0.0061078       0.0059135      0.50000
0.0061335       0.0059050      0.50000
0.0061583       0.0058962      0.50000
0.0061625       0.0058946      0.50000
0.0061651       0.0058940      0.50000
0.0061933       0.0058848      0.50000
0.0062064       0.0058805      0.50000
0.0062357       0.0058713      0.50000
0.0062439       0.0058682      0.50000
0.0062788       0.0058581      0.50000
0.0062812       0.0058574      0.50000
0.0063130       0.0058485      0.50000
0.0063145       0.0058480      0.50000
0.0063146       0.0058480      0.50000
0.0063481       0.0058391      0.50000
0.0063567       0.0058366      0.50000
0.0063782       0.0058306      0.50000
0.0063935       0.0058267      0.50000
0.0064188       0.0058203      0.50000
0.0064348       0.0058163      0.50000
0.0064607       0.0058102      0.50000
0.0064729       0.0058070      0.50000
0.0065065       0.0057998      0.50000
0.0065139       0.0057982      0.50000
0.0065502       0.0057912      0.50000
0.0065540       0.0057904      0.50000
0.0065928       0.0057835      0.50000
0.0065930       0.0057835      0.50000
0.0065946       0.0057832      0.50000
0.0066315       0.0057773      0.50000
0.0066349       0.0057767      0.50000
0.0066698       0.0057717      0.50000
0.0066768       0.0057706      0.50000
0.0067080       0.0057664      0.50000
0.0067182       0.0057650      0.50000
0.0067461       0.0057619      0.50000
0.0067596       0.0057604      0.50000
0.0067844       0.0057580      0.50000
0.0068011       0.0057563      0.50000
0.0068237       0.0057541      0.50000
0.0068428       0.0057527      0.50000
0.0068648       0.0057516      0.50000
0.0068839       0.0057509      0.50000
0.0069070       0.0057499      0.50000
0.0069225       0.0057489      0.50000
0.0069429       0.0057477      0.50000
0.0069570       0.0057475      0.50000
0.0069723       0.0057473      0.50000
0.0069849       0.0057480      0.50000
0.0070110       0.0057490      0.50000
0.0070278       0.0057487      0.50000
0.0070499       0.0057479      0.50000
0.0070700       0.0057479      0.50000
0.0070902       0.0057494      0.50000
0.0071098       0.0057517      0.50000
0.0071315       0.0057538      0.50000
0.0071509       0.0057543      0.50000
0.0071706       0.0057541      0.50000
0.0071936       0.0057555      0.50000
0.0072106       0.0057582      0.50000
0.0072325       0.0057629      0.50000
0.0072491       0.0057656      0.50000
0.0072767       0.0057667      0.50000
0.0072889       0.0057671      0.50000
0.0073187       0.0057708      0.50000
0.0073300       0.0057736      0.50000
0.0073576       0.0057814      0.50000
0.0073698       0.0057840      0.50000
0.0074013       0.0057853      0.50000
0.0074042       0.0057856      0.50000
0.0074281       0.0057904      0.50000
0.0074440       0.0057935      0.50000
0.0074457       0.0057940      0.50000
0.0074569       0.0057979      0.50000
0.0074811       0.0058063      0.50000
0.0074847       0.0058071      0.50000
0.0074994       0.0058081      0.50000
0.0075232       0.0058098      0.50000
0.0075303       0.0058115      0.50000
0.0075610       0.0058212      0.50000
0.0075718       0.0058263      0.50000
0.0075978       0.0058355      0.50000
0.0076104       0.0058372      0.50000
0.0076338       0.0058395      0.50000
0.0076555       0.0058462      0.50000
0.0076705       0.0058532      0.50000
0.0076930       0.0058637      0.50000
0.0077062       0.0058684      0.50000
0.0077370       0.0058737      0.50000
0.0077445       0.0058755      0.50000
0.0077764       0.0058887      0.50000
0.0077807       0.0058904      0.50000
0.0077816       0.0058909      0.50000
0.0078159       0.0059041      0.50000
0.0078246       0.0059064      0.50000
0.0078531       0.0059137      0.50000
0.0078754       0.0059257      0.50000
0.0078891       0.0059335      0.50000
0.0079147       0.0059434      0.50000
0.0079155       0.0059436      0.50000
0.0079415       0.0059495      0.50000
0.0079569       0.0059556      0.50000
0.0079689       0.0059604      0.50000
0.0079735       0.0059632      0.50000
0.0079992       0.0059785      0.50000
0.0080116       0.0059832      0.50000
0.0080331       0.0059897      0.50000
0.0080550       0.0059993      0.50000
0.0080715       0.0060087      0.50000
0.0081023       0.0060224      0.50000
0.0081067       0.0060240      0.50000
0.0081138       0.0060273      0.50000
0.0081411       0.0060380      0.50000
0.0081496       0.0060426      0.50000
0.0081737       0.0060560      0.50000
0.0081814       0.0060605      0.50000
0.0081982       0.0060657      0.50000
0.0082137       0.0060702      0.50000
0.0082252       0.0060770      0.50000
0.0082439       0.0060865      0.50000
0.0082556       0.0060930      0.50000
0.0082835       0.0061057      0.50000
0.0082950       0.0061108      0.50000
0.0083122       0.0061176      0.50000
0.0083342       0.0061263      0.50000
0.0083476       0.0061338      0.50000
0.0083674       0.0061430      0.50000
0.0083996       0.0061549      0.50000
0.0084005       0.0061551      0.50000
0.0084011       0.0061555      0.50000
0.0084319       0.0061696      0.50000
0.0084621       0.0061818      0.50000
0.0084678       0.0061844      0.50000
0.0084719       0.0061858      0.50000
0.0085129       0.0062018      0.50000
0.0085160       0.0062029      0.50000
0.0085342       0.0062093      0.50000
0.0085542       0.0062164      0.50000
0.0085577       0.0062173      0.50000
0.0085695       0.0062219      0.50000
0.0085990       0.0062324      0.50000
0.0086088       0.0062355      0.50000
0.0086402       0.0062460      0.50000
0.0086524       0.0062493      0.50000
0.0086766       0.0062560      0.50000
0.0086871       0.0062586      0.50000
0.0087160       0.0062670      0.50000
0.0087243       0.0062695      0.50000
0.0087258       0.0062699      0.50000
0.0087635       0.0062789      0.50000
0.0087660       0.0062795      0.50000
0.0088048       0.0062876      0.50000
0.0088070       0.0062880      0.50000
0.0088477       0.0062954      0.50000
0.0088492       0.0062957      0.50000
0.0088695       0.0062984      0.50000
0.0088914       0.0063014      0.50000
0.0088932       0.0063017      0.50000
0.0089335       0.0063060      0.50000
0.0089404       0.0063068      0.50000
0.0089746       0.0063096      0.50000
0.0089839       0.0063105      0.50000
0.0090105       0.0063117      0.50000
0.0090210       0.0063119      0.50000
0.0090541       0.0063125      0.50000
0.0090598       0.0063125      0.50000
0.0090902       0.0063118      0.50000
0.0091029       0.0063115      0.50000
0.0091279       0.0063105      0.50000
0.0091506       0.0063090      0.50000
0.0091744       0.0063070      0.50000
0.0092072       0.0063032      0.50000
0.0092219       0.0063016      0.50000
0.0092638       0.0062942      0.50000
0.0092645       0.0062941      0.50000
0.0092670       0.0062936      0.50000
0.0093030       0.0062863      0.50000
0.0093121       0.0062842      0.50000
0.0093425       0.0062769      0.50000
0.0093626       0.0062722      0.50000
0.0093785       0.0062683      0.50000
0.0093995       0.0062619      0.50000
0.0094148       0.0062567      0.50000
0.0094291       0.0062530      0.50000
0.0094554       0.0062450      0.50000
0.0094866       0.0062342      0.50000
0.0094915       0.0062328      0.50000
0.0094972       0.0062302      0.50000
0.0095262       0.0062185      0.50000
0.0095535       0.0062087      0.50000
0.0095601       0.0062066      0.50000
0.0095838       0.0061964      0.50000
0.0095940       0.0061921      0.50000
0.0095958       0.0061915      0.50000
0.0096361       0.0061739      0.50000
0.0096397       0.0061721      0.50000
0.0096477       0.0061690      0.50000
0.0096750       0.0061573      0.50000
0.0096938       0.0061483      0.50000
0.0097094       0.0061406      0.50000
0.0097324       0.0061304      0.50000
0.0097449       0.0061252      0.50000
0.0097520       0.0061214      0.50000
0.0097806       0.0061076      0.50000
0.0098051       0.0060956      0.50000
0.0098162       0.0060898      0.50000
0.0098438       0.0060771      0.50000
0.0098516       0.0060737      0.50000
0.0098547       0.0060720      0.50000
0.0098868       0.0060569      0.50000
0.0099014       0.0060496      0.50000
0.0099222       0.0060392      0.50000
0.0099515       0.0060249      0.50000
0.0099576       0.0060215      0.50000
0.0099724       0.0060153      0.50000
0.0099881       0.0060084      0.50000
0.0099950       0.0060051      0.50000
0.010027        0.0059907      0.50000
0.010047        0.0059807      0.50000
0.010065        0.0059721      0.50000
0.010092        0.0059604      0.50000
0.010100        0.0059567      0.50000
0.010133        0.0059421      0.50000
0.010139        0.0059397      0.50000
0.010166        0.0059283      0.50000
0.010174        0.0059256      0.50000
0.010190        0.0059191      0.50000
0.010210        0.0059113      0.50000
0.010223        0.0059062      0.50000
0.010244        0.0058979      0.50000
0.010260        0.0058916      0.50000
0.010278        0.0058843      0.50000
0.010302        0.0058754      0.50000
0.010318        0.0058697      0.50000
0.010343        0.0058610      0.50000
0.010353        0.0058576      0.50000
0.010387        0.0058469      0.50000
0.010389        0.0058462      0.50000
0.010390        0.0058460      0.50000
0.010402        0.0058418      0.50000
0.010430        0.0058328      0.50000
0.010432        0.0058322      0.50000
0.010465        0.0058225      0.50000
0.010468        0.0058216      0.50000
0.010468        0.0058215      0.50000
0.010503        0.0058125      0.50000
0.010514        0.0058095      0.50000
0.010545        0.0058010      0.50000
0.010556        0.0057984      0.50000
0.010586        0.0057908      0.50000
0.010595        0.0057889      0.50000
0.010625        0.0057821      0.50000
0.010633        0.0057802      0.50000
0.010661        0.0057746      0.50000
0.010676        0.0057716      0.50000
0.010702        0.0057666      0.50000
0.010715        0.0057644      0.50000
0.010742        0.0057596      0.50000
0.010753        0.0057578      0.50000
0.010784        0.0057527      0.50000
0.010793        0.0057514      0.50000
0.010826        0.0057473      0.50000
0.010834        0.0057462      0.50000
0.010865        0.0057425      0.50000
0.010879        0.0057409      0.50000
0.010912        0.0057372      0.50000
0.010920        0.0057367      0.50000
0.010954        0.0057346      0.50000
0.010959        0.0057343      0.50000
0.010994        0.0057306      0.50000
0.010997        0.0057304      0.50000
0.010997        0.0057304      0.50000
0.011036        0.0057282      0.50000
0.011039        0.0057282      0.50000
0.011077        0.0057289      0.50000
0.011078        0.0057288      0.50000
0.011115        0.0057253      0.50000
0.011123        0.0057252      0.50000
0.011155        0.0057257      0.50000
0.011167        0.0057272      0.50000
0.011194        0.0057294      0.50000
0.011207        0.0057291      0.50000
0.011229        0.0057273      0.50000
0.011241        0.0057259      0.50000
0.011254        0.0057274      0.50000
0.011279        0.0057310      0.50000
0.011295        0.0057343      0.50000
0.011324        0.0057345      0.50000
0.011327        0.0057340      0.50000
0.011338        0.0057331      0.50000
0.011357        0.0057312      0.50000
0.011388        0.0057378      0.50000
0.011393        0.0057389      0.50000
0.011407        0.0057404      0.50000
0.011430        0.0057433      0.50000
0.011445        0.0057429      0.50000
0.011467        0.0057412      0.50000
0.011477        0.0057422      0.50000
0.011500        0.0057483      0.50000
0.011510        0.0057519      0.50000
0.011532        0.0057556      0.50000
0.011535        0.0057557      0.50000
0.011559        0.0057533      0.50000
0.011576        0.0057541      0.50000
0.011590        0.0057546      0.50000
0.011597        0.0057566      0.50000
0.011629        0.0057654      0.50000
0.011655        0.0057664      0.50000
0.011671        0.0057669      0.50000
0.011683        0.0057675      0.50000
0.011711        0.0057713      0.50000
0.011738        0.0057771      0.50000
0.011743        0.0057788      0.50000
0.011750        0.0057782      0.50000
0.011780        0.0057773      0.50000
0.011802        0.0057803      0.50000
0.011818        0.0057829      0.50000
0.011852        0.0057841      0.50000
0.011855        0.0057842      0.50000
0.011859        0.0057836      0.50000
0.011884        0.0057811      0.50000
0.011908        0.0057842      0.50000
0.011915        0.0057855      0.50000
0.011921        0.0057849      0.50000
0.011947        0.0057825      0.50000
0.011971        0.0057776      0.50000
0.011982        0.0057748      0.50000
0.012000        0.0057752      0.50000
0.012015        0.0057757      0.50000
0.012025        0.0057732      0.50000
0.012050        0.0057666      0.50000
0.012068        0.0057601      0.50000
0.012084        0.0057545      0.50000
0.012108        0.0057471      0.50000
0.012115        0.0057445      0.50000
0.012148        0.0057296      0.50000
0.012149        0.0057293      0.50000
0.012180        0.0057110      0.50000
0.012191        0.0057046      0.50000
0.012213        0.0056905      0.50000
0.012238        0.0056717      0.50000
0.012245        0.0056671      0.50000
0.012252        0.0056598      0.50000
0.012273        0.0056402      0.50000
0.012293        0.0056210      0.50000
0.012300        0.0056141      0.50000
0.012305        0.0056077      0.50000
0.012325        0.0055845      0.50000
0.012344        0.0055603      0.50000
0.012349        0.0055530      0.50000
0.012360        0.0055370      0.50000
0.012372        0.0055212      0.50000
0.012376        0.0055142      0.50000
0.012392        0.0054864      0.50000
0.012401        0.0054695      0.50000
0.012411        0.0054496      0.50000
0.012422        0.0054256      0.50000
0.012429        0.0054112      0.50000
0.012441        0.0053823      0.50000
0.012445        0.0053712      0.50000
0.012456        0.0053394      0.50000
0.012460        0.0053293      0.50000
0.012470        0.0052969      0.50000
0.012473        0.0052855      0.50000
0.012481        0.0052548      0.50000
0.012484        0.0052396      0.50000
0.012490        0.0052130      0.50000
0.012494        0.0051917      0.50000
0.012498        0.0051714      0.50000
0.012502        0.0051412      0.50000
0.012504        0.0051298      0.50000
0.012507        0.0050939      0.50000
0.012507        0.0050885      0.50000
0.012508        0.0050867      0.50000
0.012510        0.0050485      0.50000
0.012511        0.0050353      0.50000
0.012511        0.0050129      0.50000
0.012511        0.0050042      0.50000
0.012511        0.0050000      0.50000
