0.0039684       0.0057500      0.50000
0.0039807       0.0057300      0.50000
0.0040000       0.0057209      0.50000
0.0040300       0.0057315      0.50000
0.0040405       0.0057436      0.50000
0.0040680       0.0057580      0.50000
0.0040810       0.0057697      0.50000
0.0041033       0.0057862      0.50000
0.0041215       0.0058020      0.50000
0.0041381       0.0058147      0.50000
0.0041619       0.0058350      0.50000
0.0041728       0.0058433      0.50000
0.0042024       0.0058675      0.50000
0.0042080       0.0058716      0.50000
0.0042429       0.0058989      0.50000
0.0042438       0.0058995      0.50000
0.0042527       0.0059060      0.50000
0.0042808       0.0059266      0.50000
0.0042834       0.0059284      0.50000
0.0043193       0.0059528      0.50000
0.0043239       0.0059557      0.50000
0.0043594       0.0059781      0.50000
0.0043644       0.0059811      0.50000
0.0044010       0.0060024      0.50000
0.0044049       0.0060046      0.50000
0.0044442       0.0060257      0.50000
0.0044454       0.0060263      0.50000
0.0044556       0.0060313      0.50000
0.0044858       0.0060462      0.50000
0.0044892       0.0060479      0.50000
0.0045263       0.0060648      0.50000
0.0045356       0.0060693      0.50000
0.0045668       0.0060827      0.50000
0.0045832       0.0060899      0.50000
0.0046073       0.0060998      0.50000
0.0046323       0.0061096      0.50000
0.0046478       0.0061158      0.50000
0.0046836       0.0061279      0.50000
0.0046883       0.0061297      0.50000
0.0047020       0.0061335      0.50000
0.0047288       0.0061412      0.50000
0.0047379       0.0061444      0.50000
0.0047692       0.0061535      0.50000
0.0047929       0.0061603      0.50000
0.0048096       0.0061654      0.50000
0.0048477       0.0061735      0.50000
0.0048500       0.0061739      0.50000
0.0048510       0.0061743      0.50000
0.0048901       0.0061819      0.50000
0.0049113       0.0061866      0.50000
0.0049302       0.0061908      0.50000
0.0049625       0.0061950      0.50000
0.0049700       0.0061957      0.50000
0.0049745       0.0061967      0.50000
0.0050087       0.0062011      0.50000
0.0050354       0.0062044      0.50000
0.0050461       0.0062062      0.50000
0.0050616       0.0062065      0.50000
0.0050826       0.0062073      0.50000
0.0050992       0.0062090      0.50000
0.0051185       0.0062106      0.50000
0.0051546       0.0062111      0.50000
0.0051560       0.0062110      0.50000
0.0051569       0.0062111      0.50000
0.0051966       0.0062108      0.50000
0.0052252       0.0062102      0.50000
0.0052394       0.0062101      0.50000
0.0052568       0.0062086      0.50000
0.0052807       0.0062066      0.50000
0.0053018       0.0062051      0.50000
0.0053222       0.0062036      0.50000
0.0053422       0.0062006      0.50000
0.0053668       0.0061971      0.50000
0.0053961       0.0061929      0.50000
0.0054032       0.0061920      0.50000
0.0054093       0.0061907      0.50000
0.0054344       0.0061861      0.50000
0.0054545       0.0061822      0.50000
0.0054675       0.0061798      0.50000
0.0055023       0.0061715      0.50000
0.0055028       0.0061714      0.50000
0.0055040       0.0061711      0.50000
0.0055374       0.0061621      0.50000
0.0055501       0.0061592      0.50000
0.0055717       0.0061537      0.50000
0.0055962       0.0061463      0.50000
0.0056007       0.0061449      0.50000
0.0056104       0.0061421      0.50000
0.0056286       0.0061370      0.50000
0.0056363       0.0061342      0.50000
0.0056593       0.0061266      0.50000
0.0056897       0.0061167      0.50000
0.0056980       0.0061145      0.50000
0.0057036       0.0061121      0.50000
0.0057333       0.0061016      0.50000
0.0057488       0.0060957      0.50000
0.0057626       0.0060901      0.50000
0.0057741       0.0060864      0.50000
0.0057915       0.0060802      0.50000
0.0058103       0.0060730      0.50000
0.0058305       0.0060651      0.50000
0.0058492       0.0060581      0.50000
0.0058643       0.0060528      0.50000
0.0058906       0.0060425      0.50000
0.0059020       0.0060378      0.50000
0.0059216       0.0060301      0.50000
0.0059407       0.0060224      0.50000
0.0059500       0.0060185      0.50000
0.0059553       0.0060164      0.50000
0.0059871       0.0060041      0.50000
0.0059903       0.0060028      0.50000
0.0059996       0.0059994      0.50000
0.0060167       0.0059932      0.50000
0.0060433       0.0059827      0.50000
0.0060503       0.0059799      0.50000
0.0060519       0.0059792      0.50000
0.0060578       0.0059772      0.50000
0.0060954       0.0059640      0.50000
0.0061061       0.0059596      0.50000
0.0061403       0.0059470      0.50000
0.0061533       0.0059421      0.50000
0.0061796       0.0059325      0.50000
0.0061883       0.0059293      0.50000
0.0062102       0.0059213      0.50000
0.0062345       0.0059130      0.50000
0.0062459       0.0059088      0.50000
0.0062772       0.0058990      0.50000
0.0062810       0.0058977      0.50000
0.0063037       0.0058909      0.50000
0.0063159       0.0058873      0.50000
0.0063179       0.0058866      0.50000
0.0063507       0.0058771      0.50000
0.0063598       0.0058743      0.50000
0.0063868       0.0058665      0.50000
0.0064065       0.0058609      0.50000
0.0064288       0.0058548      0.50000
0.0064522       0.0058488      0.50000
0.0064678       0.0058447      0.50000
0.0064950       0.0058383      0.50000
0.0065069       0.0058354      0.50000
0.0065377       0.0058287      0.50000
0.0065459       0.0058269      0.50000
0.0065795       0.0058202      0.50000
0.0065844       0.0058192      0.50000
0.0066207       0.0058127      0.50000
0.0066224       0.0058124      0.50000
0.0066417       0.0058094      0.50000
0.0066602       0.0058064      0.50000
0.0066618       0.0058061      0.50000
0.0066979       0.0058010      0.50000
0.0067026       0.0058003      0.50000
0.0067356       0.0057961      0.50000
0.0067432       0.0057951      0.50000
0.0067734       0.0057918      0.50000
0.0067838       0.0057907      0.50000
0.0068117       0.0057880      0.50000
0.0068243       0.0057870      0.50000
0.0068508       0.0057849      0.50000
0.0068645       0.0057840      0.50000
0.0068902       0.0057826      0.50000
0.0069038       0.0057819      0.50000
0.0069290       0.0057809      0.50000
0.0069432       0.0057805      0.50000
0.0069666       0.0057800      0.50000
0.0069863       0.0057798      0.50000
0.0070094       0.0057799      0.50000
0.0070271       0.0057801      0.50000
0.0070501       0.0057807      0.50000
0.0070668       0.0057813      0.50000
0.0070906       0.0057822      0.50000
0.0071062       0.0057830      0.50000
0.0071308       0.0057845      0.50000
0.0071457       0.0057857      0.50000
0.0071710       0.0057877      0.50000
0.0071848       0.0057888      0.50000
0.0072114       0.0057915      0.50000
0.0072234       0.0057929      0.50000
0.0072521       0.0057964      0.50000
0.0072621       0.0057977      0.50000
0.0072932       0.0058016      0.50000
0.0073014       0.0058030      0.50000
0.0073336       0.0058084      0.50000
0.0073403       0.0058096      0.50000
0.0073748       0.0058149      0.50000
0.0073776       0.0058155      0.50000
0.0074140       0.0058231      0.50000
0.0074152       0.0058233      0.50000
0.0074153       0.0058233      0.50000
0.0074532       0.0058306      0.50000
0.0074567       0.0058314      0.50000
0.0074914       0.0058398      0.50000
0.0074971       0.0058413      0.50000
0.0075290       0.0058491      0.50000
0.0075391       0.0058519      0.50000
0.0075654       0.0058592      0.50000
0.0075810       0.0058638      0.50000
0.0076033       0.0058704      0.50000
0.0076199       0.0058754      0.50000
0.0076393       0.0058816      0.50000
0.0076607       0.0058886      0.50000
0.0076741       0.0058933      0.50000
0.0077012       0.0059024      0.50000
0.0077099       0.0059056      0.50000
0.0077434       0.0059173      0.50000
0.0077462       0.0059183      0.50000
0.0077595       0.0059231      0.50000
0.0077815       0.0059309      0.50000
0.0077860       0.0059328      0.50000
0.0078168       0.0059448      0.50000
0.0078289       0.0059498      0.50000
0.0078523       0.0059592      0.50000
0.0078741       0.0059689      0.50000
0.0078885       0.0059755      0.50000
0.0079146       0.0059865      0.50000
0.0079265       0.0059920      0.50000
0.0079576       0.0060056      0.50000
0.0079615       0.0060072      0.50000
0.0079631       0.0060080      0.50000
0.0079944       0.0060217      0.50000
0.0080052       0.0060271      0.50000
0.0080281       0.0060384      0.50000
0.0080482       0.0060483      0.50000
0.0080622       0.0060555      0.50000
0.0080938       0.0060707      0.50000
0.0080949       0.0060713      0.50000
0.0080996       0.0060735      0.50000
0.0081289       0.0060872      0.50000
0.0081340       0.0060899      0.50000
0.0081412       0.0060941      0.50000
0.0081652       0.0061074      0.50000
0.0081885       0.0061173      0.50000
0.0081930       0.0061196      0.50000
0.0082031       0.0061250      0.50000
0.0082219       0.0061354      0.50000
0.0082278       0.0061385      0.50000
0.0082518       0.0061503      0.50000
0.0082610       0.0061548      0.50000
0.0082789       0.0061638      0.50000
0.0083052       0.0061780      0.50000
0.0083084       0.0061796      0.50000
0.0083113       0.0061812      0.50000
0.0083394       0.0061945      0.50000
0.0083591       0.0062045      0.50000
0.0083732       0.0062123      0.50000
0.0084064       0.0062273      0.50000
0.0084125       0.0062298      0.50000
0.0084149       0.0062312      0.50000
0.0084314       0.0062392      0.50000
0.0084460       0.0062464      0.50000
0.0084508       0.0062483      0.50000
0.0084728       0.0062575      0.50000
0.0084844       0.0062634      0.50000
0.0085023       0.0062715      0.50000
0.0085186       0.0062783      0.50000
0.0085464       0.0062895      0.50000
0.0085535       0.0062919      0.50000
0.0085614       0.0062957      0.50000
0.0085852       0.0063054      0.50000
0.0086032       0.0063121      0.50000
0.0086118       0.0063155      0.50000
0.0086208       0.0063184      0.50000
0.0086412       0.0063250      0.50000
0.0086666       0.0063335      0.50000
0.0086764       0.0063364      0.50000
0.0087073       0.0063462      0.50000
0.0087107       0.0063471      0.50000
0.0087483       0.0063578      0.50000
0.0087484       0.0063578      0.50000
0.0087489       0.0063579      0.50000
0.0087873       0.0063674      0.50000
0.0087912       0.0063682      0.50000
0.0088264       0.0063755      0.50000
0.0088333       0.0063767      0.50000
0.0088689       0.0063826      0.50000
0.0088747       0.0063835      0.50000
0.0089090       0.0063873      0.50000
0.0089155       0.0063880      0.50000
0.0089168       0.0063882      0.50000
0.0089519       0.0063905      0.50000
0.0089737       0.0063924      0.50000
0.0089850       0.0063933      0.50000
0.0090158       0.0063938      0.50000
0.0090208       0.0063939      0.50000
0.0090366       0.0063933      0.50000
0.0090581       0.0063924      0.50000
0.0090632       0.0063925      0.50000
0.0090982       0.0063904      0.50000
0.0091044       0.0063896      0.50000
0.0091126       0.0063892      0.50000
0.0091411       0.0063865      0.50000
0.0091625       0.0063837      0.50000
0.0091809       0.0063814      0.50000
0.0092149       0.0063751      0.50000
0.0092210       0.0063743      0.50000
0.0092363       0.0063702      0.50000
0.0092586       0.0063645      0.50000
0.0092685       0.0063625      0.50000
0.0092984       0.0063548      0.50000
0.0093221       0.0063483      0.50000
0.0093399       0.0063435      0.50000
0.0093706       0.0063331      0.50000
0.0093780       0.0063304      0.50000
0.0094110       0.0063183      0.50000
0.0094167       0.0063163      0.50000
0.0094417       0.0063059      0.50000
0.0094498       0.0063025      0.50000
0.0094519       0.0063018      0.50000
0.0094832       0.0062883      0.50000
0.0094975       0.0062824      0.50000
0.0095128       0.0062763      0.50000
0.0095265       0.0062694      0.50000
0.0095465       0.0062595      0.50000
0.0095812       0.0062435      0.50000
0.0095855       0.0062418      0.50000
0.0095876       0.0062405      0.50000
0.0096298       0.0062194      0.50000
0.0096324       0.0062179      0.50000
0.0096434       0.0062121      0.50000
0.0096604       0.0062029      0.50000
0.0096707       0.0061979      0.50000
0.0096886       0.0061894      0.50000
0.0096983       0.0061837      0.50000
0.0097221       0.0061708      0.50000
0.0097466       0.0061574      0.50000
0.0097557       0.0061519      0.50000
0.0097763       0.0061417      0.50000
0.0097904       0.0061347      0.50000
0.0097965       0.0061311      0.50000
0.0098247       0.0061159      0.50000
0.0098431       0.0061056      0.50000
0.0098587       0.0060968      0.50000
0.0098874       0.0060816      0.50000
0.0098926       0.0060786      0.50000
0.0099280       0.0060604      0.50000
0.0099298       0.0060595      0.50000
0.0099300       0.0060594      0.50000
0.0099303       0.0060592      0.50000
0.0099644       0.0060415      0.50000
0.0099785       0.0060341      0.50000
0.0099933       0.0060263      0.50000
0.010021        0.0060123      0.50000
0.010033        0.0060055      0.50000
0.010065        0.0059909      0.50000
0.010069        0.0059889      0.50000
0.010071        0.0059881      0.50000
0.010102        0.0059738      0.50000
0.010111        0.0059694      0.50000
0.010139        0.0059567      0.50000
0.010150        0.0059515      0.50000
0.010171        0.0059421      0.50000
0.010186        0.0059353      0.50000
0.010198        0.0059295      0.50000
0.010208        0.0059256      0.50000
0.010234        0.0059144      0.50000
0.010244        0.0059102      0.50000
0.010273        0.0058988      0.50000
0.010279        0.0058959      0.50000
0.010314        0.0058829      0.50000
0.010317        0.0058818      0.50000
0.010353        0.0058687      0.50000
0.010354        0.0058686      0.50000
0.010354        0.0058686      0.50000
0.010389        0.0058570      0.50000
0.010399        0.0058534      0.50000
0.010430        0.0058429      0.50000
0.010439        0.0058401      0.50000
0.010467        0.0058315      0.50000
0.010477        0.0058282      0.50000
0.010502        0.0058208      0.50000
0.010521        0.0058154      0.50000
0.010544        0.0058091      0.50000
0.010562        0.0058045      0.50000
0.010584        0.0057988      0.50000
0.010601        0.0057948      0.50000
0.010623        0.0057895      0.50000
0.010639        0.0057859      0.50000
0.010659        0.0057813      0.50000
0.010680        0.0057770      0.50000
0.010700        0.0057731      0.50000
0.010719        0.0057696      0.50000
0.010740        0.0057659      0.50000
0.010758        0.0057630      0.50000
0.010782        0.0057591      0.50000
0.010798        0.0057568      0.50000
0.010823        0.0057531      0.50000
0.010838        0.0057511      0.50000
0.010863        0.0057479      0.50000
0.010882        0.0057458      0.50000
0.010909        0.0057429      0.50000
0.010923        0.0057418      0.50000
0.010952        0.0057392      0.50000
0.010962        0.0057385      0.50000
0.010994        0.0057361      0.50000
0.011000        0.0057358      0.50000
0.011036        0.0057338      0.50000
0.011039        0.0057337      0.50000
0.011077        0.0057322      0.50000
0.011078        0.0057322      0.50000
0.011104        0.0057315      0.50000
0.011118        0.0057311      0.50000
0.011119        0.0057311      0.50000
0.011157        0.0057305      0.50000
0.011164        0.0057307      0.50000
0.011195        0.0057310      0.50000
0.011205        0.0057314      0.50000
0.011233        0.0057322      0.50000
0.011241        0.0057322      0.50000
0.011249        0.0057327      0.50000
0.011280        0.0057340      0.50000
0.011294        0.0057347      0.50000
0.011326        0.0057367      0.50000
0.011327        0.0057367      0.50000
0.011328        0.0057368      0.50000
0.011358        0.0057392      0.50000
0.011384        0.0057413      0.50000
0.011393        0.0057423      0.50000
0.011414        0.0057435      0.50000
0.011430        0.0057441      0.50000
0.011440        0.0057457      0.50000
0.011466        0.0057483      0.50000
0.011481        0.0057498      0.50000
0.011498        0.0057516      0.50000
0.011510        0.0057533      0.50000
0.011532        0.0057556      0.50000
0.011536        0.0057561      0.50000
0.011558        0.0057588      0.50000
0.011590        0.0057624      0.50000
0.011592        0.0057626      0.50000
0.011594        0.0057628      0.50000
0.011629        0.0057664      0.50000
0.011650        0.0057695      0.50000
0.011671        0.0057726      0.50000
0.011690        0.0057741      0.50000
0.011709        0.0057761      0.50000
0.011733        0.0057788      0.50000
0.011743        0.0057804      0.50000
0.011754        0.0057808      0.50000
0.011780        0.0057825      0.50000
0.011797        0.0057842      0.50000
0.011818        0.0057860      0.50000
0.011849        0.0057871      0.50000
0.011855        0.0057875      0.50000
0.011871        0.0057874      0.50000
0.011884        0.0057874      0.50000
0.011898        0.0057873      0.50000
0.011915        0.0057874      0.50000
0.011923        0.0057867      0.50000
0.011947        0.0057851      0.50000
0.011976        0.0057822      0.50000
0.011981        0.0057814      0.50000
0.011991        0.0057802      0.50000
0.012015        0.0057771      0.50000
0.012026        0.0057744      0.50000
0.012050        0.0057690      0.50000
0.012071        0.0057626      0.50000
0.012084        0.0057586      0.50000
0.012111        0.0057490      0.50000
0.012115        0.0057472      0.50000
0.012136        0.0057383      0.50000
0.012148        0.0057329      0.50000
0.012151        0.0057319      0.50000
0.012161        0.0057261      0.50000
0.012183        0.0057136      0.50000
0.012190        0.0057097      0.50000
0.012216        0.0056929      0.50000
0.012236        0.0056776      0.50000
0.012247        0.0056700      0.50000
0.012260        0.0056578      0.50000
0.012276        0.0056432      0.50000
0.012290        0.0056294      0.50000
0.012303        0.0056175      0.50000
0.012312        0.0056065      0.50000
0.012328        0.0055878      0.50000
0.012350        0.0055591      0.50000
0.012352        0.0055570      0.50000
0.012355        0.0055525      0.50000
0.012375        0.0055252      0.50000
0.012382        0.0055132      0.50000
0.012395        0.0054904      0.50000
0.012407        0.0054686      0.50000
0.012414        0.0054538      0.50000
0.012428        0.0054247      0.50000
0.012432        0.0054156      0.50000
0.012446        0.0053813      0.50000
0.012448        0.0053758      0.50000
0.012462        0.0053385      0.50000
0.012463        0.0053341      0.50000
0.012475        0.0052960      0.50000
0.012477        0.0052903      0.50000
0.012486        0.0052540      0.50000
0.012488        0.0052445      0.50000
0.012495        0.0052122      0.50000
0.012498        0.0051967      0.50000
0.012503        0.0051705      0.50000
0.012506        0.0051463      0.50000
0.012509        0.0051289      0.50000
0.012512        0.0050924      0.50000
0.012513        0.0050874      0.50000
0.012513        0.0050735      0.50000
0.012514        0.0050474      0.50000
0.012515        0.0050396      0.50000
0.012516        0.0050110      0.50000
0.012516        0.0050000      0.50000
0.012516        0.0050000      0.50000
