0.0039743       0.0057500      0.50000
0.0039832       0.0057326      0.50000
0.0040000       0.0057242      0.50000
0.0040219       0.0057365      0.50000
0.0040405       0.0057594      0.50000
0.0040540       0.0057666      0.50000
0.0040810       0.0057943      0.50000
0.0040855       0.0057972      0.50000
0.0041006       0.0058121      0.50000
0.0041167       0.0058280      0.50000
0.0041215       0.0058321      0.50000
0.0041502       0.0058573      0.50000
0.0041619       0.0058674      0.50000
0.0041850       0.0058858      0.50000
0.0042024       0.0059003      0.50000
0.0042206       0.0059138      0.50000
0.0042429       0.0059313      0.50000
0.0042571       0.0059412      0.50000
0.0042834       0.0059606      0.50000
0.0042946       0.0059681      0.50000
0.0043239       0.0059881      0.50000
0.0043334       0.0059941      0.50000
0.0043644       0.0060138      0.50000
0.0043736       0.0060193      0.50000
0.0044049       0.0060377      0.50000
0.0044153       0.0060436      0.50000
0.0044454       0.0060600      0.50000
0.0044584       0.0060669      0.50000
0.0044858       0.0060809      0.50000
0.0045030       0.0060894      0.50000
0.0045263       0.0061006      0.50000
0.0045490       0.0061110      0.50000
0.0045668       0.0061191      0.50000
0.0045968       0.0061315      0.50000
0.0046073       0.0061361      0.50000
0.0046470       0.0061505      0.50000
0.0046478       0.0061509      0.50000
0.0046506       0.0061517      0.50000
0.0046883       0.0061641      0.50000
0.0046993       0.0061682      0.50000
0.0047288       0.0061778      0.50000
0.0047525       0.0061854      0.50000
0.0047692       0.0061908      0.50000
0.0048083       0.0062008      0.50000
0.0048096       0.0062012      0.50000
0.0048124       0.0062017      0.50000
0.0048499       0.0062099      0.50000
0.0048669       0.0062143      0.50000
0.0048901       0.0062199      0.50000
0.0049272       0.0062266      0.50000
0.0049302       0.0062273      0.50000
0.0049352       0.0062278      0.50000
0.0049698       0.0062326      0.50000
0.0049893       0.0062360      0.50000
0.0050085       0.0062393      0.50000
0.0050386       0.0062417      0.50000
0.0050457       0.0062420      0.50000
0.0050502       0.0062427      0.50000
0.0050817       0.0062452      0.50000
0.0051086       0.0062470      0.50000
0.0051184       0.0062480      0.50000
0.0051323       0.0062478      0.50000
0.0051572       0.0062474      0.50000
0.0051736       0.0062481      0.50000
0.0052044       0.0062480      0.50000
0.0052361       0.0062470      0.50000
0.0052451       0.0062468      0.50000
0.0052586       0.0062455      0.50000
0.0052854       0.0062433      0.50000
0.0053091       0.0062413      0.50000
0.0053264       0.0062399      0.50000
0.0053391       0.0062377      0.50000
0.0053644       0.0062341      0.50000
0.0053837       0.0062311      0.50000
0.0053982       0.0062289      0.50000
0.0054109       0.0062270      0.50000
0.0054231       0.0062243      0.50000
0.0054465       0.0062195      0.50000
0.0054806       0.0062121      0.50000
0.0054893       0.0062105      0.50000
0.0054937       0.0062090      0.50000
0.0055314       0.0061992      0.50000
0.0055327       0.0061989      0.50000
0.0055365       0.0061977      0.50000
0.0055595       0.0061909      0.50000
0.0055733       0.0061872      0.50000
0.0055883       0.0061834      0.50000
0.0056148       0.0061742      0.50000
0.0056266       0.0061702      0.50000
0.0056304       0.0061688      0.50000
0.0056400       0.0061661      0.50000
0.0056711       0.0061563      0.50000
0.0056894       0.0061488      0.50000
0.0057073       0.0061415      0.50000
0.0057340       0.0061327      0.50000
0.0057417       0.0061302      0.50000
0.0057469       0.0061278      0.50000
0.0057765       0.0061163      0.50000
0.0058043       0.0061056      0.50000
0.0058127       0.0061030      0.50000
0.0058193       0.0060997      0.50000
0.0058485       0.0060881      0.50000
0.0058793       0.0060751      0.50000
0.0058843       0.0060727      0.50000
0.0058871       0.0060717      0.50000
0.0059018       0.0060660      0.50000
0.0059263       0.0060565      0.50000
0.0059314       0.0060540      0.50000
0.0059594       0.0060426      0.50000
0.0059782       0.0060345      0.50000
0.0059940       0.0060279      0.50000
0.0060220       0.0060165      0.50000
0.0060262       0.0060147      0.50000
0.0060315       0.0060127      0.50000
0.0060589       0.0060024      0.50000
0.0060803       0.0059931      0.50000
0.0060983       0.0059852      0.50000
0.0061297       0.0059734      0.50000
0.0061393       0.0059696      0.50000
0.0061715       0.0059577      0.50000
0.0061771       0.0059558      0.50000
0.0062062       0.0059456      0.50000
0.0062144       0.0059428      0.50000
0.0062161       0.0059421      0.50000
0.0062469       0.0059318      0.50000
0.0062588       0.0059274      0.50000
0.0062816       0.0059196      0.50000
0.0062991       0.0059136      0.50000
0.0063162       0.0059078      0.50000
0.0063394       0.0059005      0.50000
0.0063511       0.0058966      0.50000
0.0063819       0.0058876      0.50000
0.0063872       0.0058858      0.50000
0.0064174       0.0058779      0.50000
0.0064257       0.0058757      0.50000
0.0064272       0.0058753      0.50000
0.0064649       0.0058657      0.50000
0.0064708       0.0058641      0.50000
0.0065033       0.0058562      0.50000
0.0065130       0.0058538      0.50000
0.0065416       0.0058474      0.50000
0.0065544       0.0058445      0.50000
0.0065797       0.0058391      0.50000
0.0065951       0.0058360      0.50000
0.0066175       0.0058317      0.50000
0.0066354       0.0058284      0.50000
0.0066551       0.0058249      0.50000
0.0066756       0.0058216      0.50000
0.0066927       0.0058188      0.50000
0.0067156       0.0058155      0.50000
0.0067302       0.0058135      0.50000
0.0067557       0.0058103      0.50000
0.0067678       0.0058088      0.50000
0.0067957       0.0058060      0.50000
0.0068057       0.0058049      0.50000
0.0068357       0.0058024      0.50000
0.0068441       0.0058017      0.50000
0.0068753       0.0057997      0.50000
0.0068828       0.0057993      0.50000
0.0069146       0.0057978      0.50000
0.0069213       0.0057975      0.50000
0.0069548       0.0057967      0.50000
0.0069596       0.0057965      0.50000
0.0069963       0.0057963      0.50000
0.0070000       0.0057963      0.50000
0.0070359       0.0057967      0.50000
0.0070404       0.0057968      0.50000
0.0070751       0.0057979      0.50000
0.0070806       0.0057981      0.50000
0.0071141       0.0057998      0.50000
0.0071205       0.0058002      0.50000
0.0071530       0.0058025      0.50000
0.0071603       0.0058031      0.50000
0.0071916       0.0058060      0.50000
0.0072001       0.0058069      0.50000
0.0072300       0.0058102      0.50000
0.0072403       0.0058114      0.50000
0.0072685       0.0058152      0.50000
0.0072806       0.0058169      0.50000
0.0073072       0.0058209      0.50000
0.0073208       0.0058231      0.50000
0.0073454       0.0058274      0.50000
0.0073610       0.0058303      0.50000
0.0073827       0.0058345      0.50000
0.0074010       0.0058382      0.50000
0.0074200       0.0058423      0.50000
0.0074411       0.0058470      0.50000
0.0074576       0.0058509      0.50000
0.0074810       0.0058565      0.50000
0.0074951       0.0058602      0.50000
0.0075216       0.0058671      0.50000
0.0075320       0.0058701      0.50000
0.0075625       0.0058784      0.50000
0.0075687       0.0058803      0.50000
0.0076025       0.0058903      0.50000
0.0076052       0.0058912      0.50000
0.0076264       0.0058977      0.50000
0.0076407       0.0059021      0.50000
0.0076426       0.0059028      0.50000
0.0076758       0.0059137      0.50000
0.0076829       0.0059163      0.50000
0.0077112       0.0059263      0.50000
0.0077238       0.0059311      0.50000
0.0077468       0.0059398      0.50000
0.0077649       0.0059469      0.50000
0.0077818       0.0059539      0.50000
0.0078065       0.0059638      0.50000
0.0078169       0.0059684      0.50000
0.0078493       0.0059817      0.50000
0.0078522       0.0059830      0.50000
0.0078671       0.0059894      0.50000
0.0078880       0.0059982      0.50000
0.0078920       0.0060000      0.50000
0.0079239       0.0060142      0.50000
0.0079365       0.0060204      0.50000
0.0079579       0.0060307      0.50000
0.0079780       0.0060405      0.50000
0.0079908       0.0060471      0.50000
0.0080202       0.0060613      0.50000
0.0080242       0.0060635      0.50000
0.0080373       0.0060697      0.50000
0.0080576       0.0060794      0.50000
0.0080641       0.0060830      0.50000
0.0080905       0.0060965      0.50000
0.0081069       0.0061052      0.50000
0.0081247       0.0061150      0.50000
0.0081529       0.0061296      0.50000
0.0081564       0.0061317      0.50000
0.0081642       0.0061356      0.50000
0.0081879       0.0061477      0.50000
0.0081978       0.0061532      0.50000
0.0082213       0.0061660      0.50000
0.0082352       0.0061733      0.50000
0.0082637       0.0061887      0.50000
0.0082663       0.0061902      0.50000
0.0082683       0.0061912      0.50000
0.0082981       0.0062070      0.50000
0.0083220       0.0062197      0.50000
0.0083324       0.0062255      0.50000
0.0083581       0.0062384      0.50000
0.0083652       0.0062417      0.50000
0.0083685       0.0062436      0.50000
0.0083969       0.0062578      0.50000
0.0084226       0.0062707      0.50000
0.0084296       0.0062740      0.50000
0.0084369       0.0062778      0.50000
0.0084632       0.0062907      0.50000
0.0084859       0.0063014      0.50000
0.0084980       0.0063074      0.50000
0.0085129       0.0063135      0.50000
0.0085310       0.0063210      0.50000
0.0085529       0.0063304      0.50000
0.0085595       0.0063334      0.50000
0.0085784       0.0063413      0.50000
0.0085923       0.0063467      0.50000
0.0086051       0.0063515      0.50000
0.0086198       0.0063570      0.50000
0.0086369       0.0063631      0.50000
0.0086502       0.0063676      0.50000
0.0086782       0.0063769      0.50000
0.0086841       0.0063787      0.50000
0.0087158       0.0063882      0.50000
0.0087216       0.0063898      0.50000
0.0087484       0.0063972      0.50000
0.0087583       0.0064000      0.50000
0.0087610       0.0064005      0.50000
0.0087969       0.0064089      0.50000
0.0088043       0.0064103      0.50000
0.0088367       0.0064163      0.50000
0.0088454       0.0064175      0.50000
0.0088803       0.0064223      0.50000
0.0088839       0.0064229      0.50000
0.0088933       0.0064236      0.50000
0.0089194       0.0064256      0.50000
0.0089291       0.0064267      0.50000
0.0089573       0.0064286      0.50000
0.0089862       0.0064294      0.50000
0.0089963       0.0064295      0.50000
0.0090387       0.0064281      0.50000
0.0090389       0.0064281      0.50000
0.0090398       0.0064281      0.50000
0.0090785       0.0064251      0.50000
0.0090871       0.0064245      0.50000
0.0091181       0.0064208      0.50000
0.0091417       0.0064180      0.50000
0.0091552       0.0064161      0.50000
0.0091890       0.0064092      0.50000
0.0091950       0.0064078      0.50000
0.0091974       0.0064074      0.50000
0.0092331       0.0063985      0.50000
0.0092503       0.0063947      0.50000
0.0092713       0.0063894      0.50000
0.0093045       0.0063792      0.50000
0.0093109       0.0063775      0.50000
0.0093235       0.0063724      0.50000
0.0093527       0.0063612      0.50000
0.0093641       0.0063575      0.50000
0.0093948       0.0063457      0.50000
0.0094036       0.0063423      0.50000
0.0094308       0.0063307      0.50000
0.0094458       0.0063245      0.50000
0.0094658       0.0063157      0.50000
0.0094876       0.0063056      0.50000
0.0095008       0.0062990      0.50000
0.0095184       0.0062900      0.50000
0.0095534       0.0062727      0.50000
0.0095535       0.0062726      0.50000
0.0095538       0.0062725      0.50000
0.0095893       0.0062552      0.50000
0.0096047       0.0062462      0.50000
0.0096312       0.0062319      0.50000
0.0096438       0.0062247      0.50000
0.0096619       0.0062149      0.50000
0.0096705       0.0062103      0.50000
0.0096913       0.0061989      0.50000
0.0097118       0.0061868      0.50000
0.0097253       0.0061785      0.50000
0.0097580       0.0061609      0.50000
0.0097591       0.0061603      0.50000
0.0097596       0.0061600      0.50000
0.0097930       0.0061419      0.50000
0.0098066       0.0061335      0.50000
0.0098266       0.0061218      0.50000
0.0098514       0.0061078      0.50000
0.0098604       0.0061024      0.50000
0.0098906       0.0060864      0.50000
0.0098942       0.0060846      0.50000
0.0098951       0.0060840      0.50000
0.0099295       0.0060654      0.50000
0.0099339       0.0060633      0.50000
0.0099408       0.0060590      0.50000
0.0099656       0.0060453      0.50000
0.0099832       0.0060360      0.50000
0.0099942       0.0060297      0.50000
0.010025        0.0060136      0.50000
0.010034        0.0060083      0.50000
0.010058        0.0059975      0.50000
0.010070        0.0059918      0.50000
0.010075        0.0059897      0.50000
0.010102        0.0059764      0.50000
0.010114        0.0059708      0.50000
0.010139        0.0059589      0.50000
0.010152        0.0059526      0.50000
0.010171        0.0059439      0.50000
0.010188        0.0059358      0.50000
0.010199        0.0059305      0.50000
0.010207        0.0059270      0.50000
0.010235        0.0059150      0.50000
0.010244        0.0059111      0.50000
0.010273        0.0058992      0.50000
0.010279        0.0058965      0.50000
0.010314        0.0058832      0.50000
0.010317        0.0058822      0.50000
0.010352        0.0058693      0.50000
0.010354        0.0058687      0.50000
0.010354        0.0058686      0.50000
0.010389        0.0058569      0.50000
0.010399        0.0058532      0.50000
0.010430        0.0058424      0.50000
0.010438        0.0058397      0.50000
0.010467        0.0058307      0.50000
0.010476        0.0058277      0.50000
0.010502        0.0058198      0.50000
0.010520        0.0058147      0.50000
0.010544        0.0058078      0.50000
0.010561        0.0058034      0.50000
0.010585        0.0057972      0.50000
0.010599        0.0057936      0.50000
0.010624        0.0057877      0.50000
0.010638        0.0057845      0.50000
0.010660        0.0057793      0.50000
0.010679        0.0057753      0.50000
0.010701        0.0057708      0.50000
0.010718        0.0057676      0.50000
0.010741        0.0057633      0.50000
0.010756        0.0057608      0.50000
0.010783        0.0057562      0.50000
0.010796        0.0057543      0.50000
0.010825        0.0057499      0.50000
0.010836        0.0057483      0.50000
0.010865        0.0057446      0.50000
0.010880        0.0057428      0.50000
0.010911        0.0057391      0.50000
0.010921        0.0057383      0.50000
0.010954        0.0057349      0.50000
0.010959        0.0057346      0.50000
0.010997        0.0057314      0.50000
0.010998        0.0057313      0.50000
0.011005        0.0057308      0.50000
0.011036        0.0057286      0.50000
0.011039        0.0057285      0.50000
0.011075        0.0057268      0.50000
0.011080        0.0057265      0.50000
0.011115        0.0057252      0.50000
0.011123        0.0057253      0.50000
0.011154        0.0057247      0.50000
0.011168        0.0057248      0.50000
0.011192        0.0057250      0.50000
0.011209        0.0057252      0.50000
0.011227        0.0057254      0.50000
0.011241        0.0057254      0.50000
0.011256        0.0057260      0.50000
0.011277        0.0057268      0.50000
0.011297        0.0057275      0.50000
0.011316        0.0057280      0.50000
0.011328        0.0057279      0.50000
0.011347        0.0057295      0.50000
0.011357        0.0057304      0.50000
0.011379        0.0057313      0.50000
0.011390        0.0057317      0.50000
0.011394        0.0057319      0.50000
0.011429        0.0057335      0.50000
0.011457        0.0057364      0.50000
0.011468        0.0057375      0.50000
0.011475        0.0057379      0.50000
0.011507        0.0057402      0.50000
0.011508        0.0057403      0.50000
0.011509        0.0057403      0.50000
0.011535        0.0057421      0.50000
0.011558        0.0057443      0.50000
0.011562        0.0057445      0.50000
0.011588        0.0057465      0.50000
0.011607        0.0057483      0.50000
0.011627        0.0057504      0.50000
0.011663        0.0057524      0.50000
0.011671        0.0057524      0.50000
0.011675        0.0057529      0.50000
0.011711        0.0057554      0.50000
0.011715        0.0057557      0.50000
0.011716        0.0057557      0.50000
0.011743        0.0057568      0.50000
0.011770        0.0057577      0.50000
0.011778        0.0057584      0.50000
0.011791        0.0057580      0.50000
0.011815        0.0057577      0.50000
0.011830        0.0057577      0.50000
0.011851        0.0057576      0.50000
0.011878        0.0057557      0.50000
0.011884        0.0057551      0.50000
0.011890        0.0057548      0.50000
0.011917        0.0057530      0.50000
0.011936        0.0057501      0.50000
0.011951        0.0057477      0.50000
0.011982        0.0057425      0.50000
0.011985        0.0057422      0.50000
0.011986        0.0057418      0.50000
0.012019        0.0057349      0.50000
0.012032        0.0057311      0.50000
0.012053        0.0057249      0.50000
0.012073        0.0057180      0.50000
0.012087        0.0057129      0.50000
0.012112        0.0057026      0.50000
0.012122        0.0056983      0.50000
0.012152        0.0056841      0.50000
0.012161        0.0056790      0.50000
0.012188        0.0056642      0.50000
0.012205        0.0056535      0.50000
0.012223        0.0056430      0.50000
0.012254        0.0056197      0.50000
0.012255        0.0056188      0.50000
0.012257        0.0056173      0.50000
0.012285        0.0055953      0.50000
0.012308        0.0055752      0.50000
0.012314        0.0055704      0.50000
0.012319        0.0055646      0.50000
0.012341        0.0055437      0.50000
0.012367        0.0055173      0.50000
0.012368        0.0055163      0.50000
0.012369        0.0055154      0.50000
0.012394        0.0054886      0.50000
0.012410        0.0054681      0.50000
0.012418        0.0054584      0.50000
0.012432        0.0054414      0.50000
0.012442        0.0054294      0.50000
0.012448        0.0054215      0.50000
0.012466        0.0053984      0.50000
0.012480        0.0053759      0.50000
0.012487        0.0053654      0.50000
0.012505        0.0053404      0.50000
0.012510        0.0053338      0.50000
0.012513        0.0053304      0.50000
0.012532        0.0053015      0.50000
0.012538        0.0052861      0.50000
0.012549        0.0052627      0.50000
0.012559        0.0052425      0.50000
0.012567        0.0052245      0.50000
0.012579        0.0051987      0.50000
0.012585        0.0051860      0.50000
0.012597        0.0051555      0.50000
0.012600        0.0051444      0.50000
0.012604        0.0051136      0.50000
0.012608        0.0050939      0.50000
0.012613        0.0050722      0.50000
0.012618        0.0050449      0.50000
0.012621        0.0050353      0.50000
0.012624        0.0050201      0.50000
0.012626        0.0050000      0.50000
0.012627        0.0050023      0.50000
