0.60000         0.0000
0.60738         0.16197
0.61491         0.31281
0.61491         0.31283
0.61491         0.31285
0.62252         0.45258
0.63026         0.58126
0.63027         0.58142
0.63028         0.58156
0.63805         0.69920
0.64592         0.80599
0.64595         0.80636
0.64597         0.80668
0.65387         0.90300
0.66183         0.98910
0.66187         0.98957
0.66191         0.98998
0.66987         1.0661
0.67787         1.1327
0.67796         1.1334
0.67805         1.1341
0.68607         1.1915
0.69405         1.2395
0.69430         1.2410
0.69456         1.2423
0.70261         1.2819
0.71047         1.3122
0.71114         1.3148
0.71206         1.3174
0.72019         1.3408
0.72512         1.3511
0.72870         1.3582
0.73592         1.3694
0.73637         1.3701
0.73699         1.3708
0.74424         1.3791
0.75087         1.3851
0.75241         1.3865
0.75425         1.3879
0.76064         1.3925
0.76626         1.3960
0.76867         1.3975
0.77108         1.3988
0.77570         1.4013
0.77861         1.4027
0.78172         1.4042
0.78570         1.4059
0.78768         1.4068
0.78970         1.4075
0.79461         1.4094
0.79718         1.4103
0.80406         1.4125
0.80596         1.4131
0.80715         1.4134
0.81411         1.4152
0.82168         1.4170
0.82214         1.4171
0.82257         1.4172
0.83015         1.4186
0.83804         1.4199
0.83817         1.4199
0.83830         1.4199
0.84622         1.4209
0.85424         1.4218
0.85428         1.4218
0.85433         1.4218
0.86236         1.4224
0.87044         1.4230
0.87044         1.4230
0.87045         1.4230
0.87854         1.4234
0.88664         1.4237
0.89473         1.4239
0.90283         1.4241
0.91093         1.4241
0.91903         1.4242
0.92712         1.4241
0.93522         1.4241
0.94332         1.4240
0.95142         1.4240
0.95951         1.4238
0.96761         1.4238
0.97571         1.4237
0.98381         1.4238
0.99190         1.4237
1.0000          1.4237
