0.60000         0.0000
0.60738         1.0548
0.61491         1.6603
0.61491         1.6604
0.61491         1.6605
0.62252         1.9859
0.63026         2.1336
0.63027         2.1338
0.63028         2.1338
0.63805         2.1635
0.64592         2.1116
0.64595         2.1114
0.64597         2.1110
0.65387         2.0020
0.66183         1.8601
0.66187         1.8593
0.66191         1.8585
0.66987         1.7070
0.67787         1.5671
0.67796         1.5656
0.67805         1.5643
0.68607         1.4465
0.69405         1.3560
0.69430         1.3531
0.69456         1.3509
0.70261         1.2832
0.71047         1.2364
0.71114         1.2323
0.71206         1.2286
0.72019         1.1948
0.72512         1.1801
0.72870         1.1702
0.73592         1.1541
0.73637         1.1531
0.73699         1.1520
0.74424         1.1390
0.75087         1.1296
0.75241         1.1273
0.75425         1.1252
0.76064         1.1174
0.76626         1.1120
0.76867         1.1095
0.77108         1.1076
0.77570         1.1037
0.77861         1.1015
0.78172         1.0989
0.78570         1.0955
0.78768         1.0936
0.78970         1.0919
0.79461         1.0874
0.79718         1.0854
0.80406         1.0803
0.80596         1.0789
0.80715         1.0781
0.81411         1.0733
0.82168         1.0686
0.82214         1.0683
0.82257         1.0680
0.83015         1.0636
0.83804         1.0593
0.83817         1.0592
0.83830         1.0591
0.84622         1.0550
0.85424         1.0511
0.85428         1.0511
0.85433         1.0510
0.86236         1.0473
0.87044         1.0439
0.87044         1.0439
0.87045         1.0439
0.87854         1.0406
0.88664         1.0376
0.89473         1.0348
0.90283         1.0322
0.91093         1.0298
0.91903         1.0277
0.92712         1.0258
0.93522         1.0241
0.94332         1.0226
0.95142         1.0213
0.95951         1.0202
0.96761         1.0193
0.97571         1.0186
0.98381         1.0181
0.99190         1.0178
1.0000          1.0177
