0.60000         0.0000
0.60738         0.49860
0.61491         0.89350
0.61491         0.89355
0.61491         0.89359
0.62252         1.1998
0.63026         1.4298
0.63027         1.4301
0.63028         1.4303
0.63805         1.5945
0.64592         1.7017
0.64595         1.7020
0.64597         1.7022
0.65387         1.7597
0.66183         1.7745
0.66187         1.7746
0.66191         1.7745
0.66987         1.7540
0.67787         1.7084
0.67796         1.7079
0.67805         1.7073
0.68607         1.6469
0.69405         1.5833
0.69430         1.5812
0.69456         1.5793
0.70261         1.5179
0.71047         1.4649
0.71114         1.4603
0.71206         1.4550
0.72019         1.4078
0.72512         1.3834
0.72870         1.3663
0.73592         1.3358
0.73637         1.3340
0.73699         1.3318
0.74424         1.3058
0.75087         1.2856
0.75241         1.2808
0.75425         1.2760
0.76064         1.2592
0.76626         1.2467
0.76867         1.2412
0.77108         1.2366
0.77570         1.2276
0.77861         1.2225
0.78172         1.2171
0.78570         1.2106
0.78768         1.2074
0.78970         1.2044
0.79461         1.1971
0.79718         1.1937
0.80406         1.1851
0.80596         1.1828
0.80715         1.1815
0.81411         1.1738
0.82168         1.1664
0.82214         1.1659
0.82257         1.1655
0.83015         1.1587
0.83804         1.1524
0.83817         1.1523
0.83830         1.1522
0.84622         1.1463
0.85424         1.1410
0.85428         1.1410
0.85433         1.1409
0.86236         1.1359
0.87044         1.1315
0.87044         1.1314
0.87045         1.1314
0.87854         1.1272
0.88664         1.1235
0.89473         1.1199
0.90283         1.1168
0.91093         1.1139
0.91903         1.1114
0.92712         1.1090
0.93522         1.1070
0.94332         1.1052
0.95142         1.1037
0.95951         1.1023
0.96761         1.1013
0.97571         1.1005
0.98381         1.0999
0.99190         1.0995
1.0000          1.0995
