0.60000         0.0000
0.60738         0.10066
0.61491         0.19813
0.61491         0.19814
0.61491         0.19815
0.62252         0.29229
0.63026         0.38300
0.63027         0.38311
0.63028         0.38321
0.63805         0.47027
0.64592         0.55364
0.64595         0.55392
0.64597         0.55418
0.65387         0.63387
0.66183         0.70987
0.66187         0.71028
0.66191         0.71066
0.66987         0.78291
0.67787         0.85151
0.67796         0.85225
0.67805         0.85295
0.68607         0.91809
0.69405         0.97909
0.69430         0.98103
0.69456         0.98290
0.70261         1.0408
0.71047         1.0935
0.71114         1.0981
0.71206         1.1038
0.72019         1.1543
0.72512         1.1823
0.72870         1.2023
0.73592         1.2397
0.73637         1.2419
0.73699         1.2448
0.74424         1.2779
0.75087         1.3045
0.75241         1.3106
0.75425         1.3171
0.76064         1.3394
0.76626         1.3567
0.76867         1.3642
0.77108         1.3709
0.77570         1.3836
0.77861         1.3911
0.78172         1.3992
0.78570         1.4089
0.78768         1.4137
0.78970         1.4184
0.79461         1.4296
0.79718         1.4353
0.80406         1.4500
0.80596         1.4540
0.80715         1.4564
0.81411         1.4703
0.82168         1.4848
0.82214         1.4856
0.82257         1.4864
0.83015         1.5001
0.83804         1.5136
0.83817         1.5138
0.83830         1.5140
0.84622         1.5268
0.85424         1.5390
0.85428         1.5391
0.85433         1.5392
0.86236         1.5506
0.87044         1.5616
0.87044         1.5616
0.87045         1.5616
0.87854         1.5717
0.88664         1.5812
0.89473         1.5899
0.90283         1.5981
0.91093         1.6055
0.91903         1.6123
0.92712         1.6183
0.93522         1.6238
0.94332         1.6285
0.95142         1.6327
0.95951         1.6362
0.96761         1.6391
0.97571         1.6412
0.98381         1.6429
0.99190         1.6438
1.0000          1.6441
